Day-1 steer log
applied_vx is the clamped command, not odometry. Forward clamp is 0.056 m/s, lowered from 0.080 because 0.080 yaws off and tips near 1.2 m (support margin about −0.09 m). CPG amplitude is |applied_vx| / 0.080, so full forward stick is amplitude 0.70 and reverse -0.032 m/s stays amplitude 0.40 with stance damper 100 N/(m/s). Yaw cap is ±0.25 rad/s; hip-yaw clip 0.12 rad plus outside-step scale 0.20. Right-turn swing hip yaw keeps 0.60 of that clip so the foot does not land toed against the turn; stance hip yaw and the cold-start left turn are unchanged. After the gait has been walking for 12 s, a left yaw command drops the 0.06 rad bias and uses outside-step scale 0.24. Measured motion Δx=-0.376 m, mean body vx=-0.060 m/s (not the command). Straight-forward net yaw drift=+0.00 deg; yaw during that window +0.0 to +0.0 deg. Heading at the end of the clip is +1.20 deg from the start. Turn-window Δyaw=+0.00 deg (mean yaw rate +0.000 rad/s, cap ±0.25). tip=False; CoP in box=True (outside 0.0000 m); peak leg torque=2.10 Nm (limit 2.1). Stance-slip damper is 25 N/(m/s) while walking forward, down from the CSF50 crawl's 115. After stop it is 100 N/(m/s) for 1.20 s (pose blend 0.70 s), then off. A reverse stop finishes at most one step first if that phase would pitch. Foot box, friction, kp, and ±2.1 Nm are unchanged.
fault=False reason=-
t mode applied_vx applied_yaw_rate x y yaw_deg up_z margin body_vx
0.000 stand +0.0000 +0.0000 +0.0002 -0.0000 +0.00 1.000 +0.0641 +0.0146
0.020 stand +0.0000 +0.0000 +0.0006 +0.0000 +0.00 1.000 +0.0638 +0.0154
0.040 stand +0.0000 +0.0000 +0.0010 +0.0000 +0.00 1.000 +0.0635 +0.0147
0.060 stand +0.0000 +0.0000 +0.0013 +0.0000 +0.00 1.000 +0.0632 +0.0140
0.080 stand +0.0000 +0.0000 +0.0016 +0.0001 +0.00 1.000 +0.0629 +0.0124
0.100 stand +0.0000 +0.0000 +0.0019 +0.0001 +0.00 1.000 +0.0627 +0.0104
0.120 stand +0.0000 +0.0000 +0.0021 +0.0001 +0.00 1.000 +0.0625 +0.0080
0.140 stand +0.0000 +0.0000 +0.0023 +0.0002 -0.00 1.000 +0.0624 +0.0055
0.160 stand +0.0000 +0.0000 +0.0023 +0.0002 -0.00 1.000 +0.0623 +0.0030
0.180 stand +0.0000 +0.0000 +0.0024 +0.0003 -0.00 1.000 +0.0623 +0.0007
0.200 stand +0.0000 +0.0000 +0.0024 +0.0003 -0.00 1.000 +0.0623 -0.0011
0.220 stand +0.0000 +0.0000 +0.0023 +0.0004 -0.00 1.000 +0.0624 -0.0024
0.240 stand +0.0000 +0.0000 +0.0022 +0.0005 -0.00 1.000 +0.0624 -0.0032
0.260 stand +0.0000 +0.0000 +0.0022 +0.0005 -0.00 1.000 +0.0625 -0.0036
0.280 stand +0.0000 +0.0000 +0.0021 +0.0006 -0.00 1.000 +0.0626 -0.0035
0.300 stand +0.0000 +0.0000 +0.0020 +0.0007 -0.00 1.000 +0.0627 -0.0032
0.320 stand +0.0000 +0.0000 +0.0019 +0.0008 -0.00 1.000 +0.0627 -0.0026
0.340 stand +0.0000 +0.0000 +0.0019 +0.0009 -0.00 1.000 +0.0628 -0.0019
0.360 stand +0.0000 +0.0000 +0.0018 +0.0010 -0.00 1.000 +0.0628 -0.0012
0.380 stand +0.0000 +0.0000 +0.0018 +0.0012 -0.00 1.000 +0.0628 -0.0005
0.400 stand +0.0000 +0.0000 +0.0018 +0.0014 -0.00 1.000 +0.0628 +0.0001
0.420 stand +0.0000 +0.0000 +0.0018 +0.0015 -0.01 1.000 +0.0628 +0.0006
0.440 stand +0.0000 +0.0000 +0.0018 +0.0017 -0.01 1.000 +0.0628 +0.0009
0.460 stand +0.0000 +0.0000 +0.0019 +0.0020 -0.01 1.000 +0.0627 +0.0010
0.480 stand +0.0000 +0.0000 +0.0019 +0.0023 -0.01 1.000 +0.0627 +0.0011
0.500 stand +0.0000 +0.0000 +0.0019 +0.0026 -0.01 1.000 +0.0627 +0.0010
0.520 stand +0.0000 +0.0000 +0.0019 +0.0029 -0.01 1.000 +0.0627 +0.0009
0.540 stand +0.0000 +0.0000 +0.0020 +0.0033 -0.01 1.000 +0.0627 +0.0007
0.560 stand +0.0000 +0.0000 +0.0020 +0.0037 -0.01 1.000 +0.0627 +0.0004
0.580 stand +0.0000 +0.0000 +0.0020 +0.0042 -0.02 1.000 +0.0627 +0.0002
0.600 stand +0.0000 +0.0000 +0.0020 +0.0048 -0.02 1.000 +0.0627 +0.0000
0.620 stand +0.0000 +0.0000 +0.0020 +0.0054 -0.02 1.000 +0.0627 -0.0001
0.640 stand +0.0000 +0.0000 +0.0020 +0.0061 -0.02 1.000 +0.0627 -0.0002
0.660 stand +0.0000 +0.0000 +0.0020 +0.0069 -0.03 1.000 +0.0627 -0.0003
0.680 stand +0.0000 +0.0000 +0.0020 +0.0078 -0.03 0.999 +0.0627 -0.0003
0.700 stand +0.0000 +0.0000 +0.0020 +0.0088 -0.03 0.999 +0.0627 -0.0003
0.720 stand +0.0000 +0.0000 +0.0019 +0.0100 -0.04 0.999 +0.0627 -0.0003
0.740 stand +0.0000 +0.0000 +0.0019 +0.0112 -0.04 0.999 +0.0627 -0.0013
0.760 stand +0.0000 +0.0000 +0.0019 +0.0124 -0.05 0.999 +0.0627 -0.0015
0.780 stand +0.0000 +0.0000 +0.0019 +0.0135 -0.05 0.998 +0.0628 -0.0018
0.800 stand +0.0000 +0.0000 +0.0018 +0.0143 -0.06 0.998 +0.0628 -0.0020
0.820 stand +0.0000 +0.0000 +0.0018 +0.0150 -0.06 0.998 +0.0628 -0.0020
0.840 stand +0.0000 +0.0000 +0.0017 +0.0153 -0.06 0.998 +0.0629 -0.0018
0.860 stand +0.0000 +0.0000 +0.0017 +0.0155 -0.06 0.998 +0.0629 -0.0015
0.880 stand +0.0000 +0.0000 +0.0017 +0.0154 -0.06 0.998 +0.0629 -0.0011
0.900 stand +0.0000 +0.0000 +0.0016 +0.0152 -0.06 0.998 +0.0629 -0.0006
0.920 stand +0.0000 +0.0000 +0.0016 +0.0148 -0.06 0.998 +0.0630 -0.0002
0.940 stand +0.0000 +0.0000 +0.0016 +0.0144 -0.05 0.998 +0.0629 +0.0003
0.960 stand +0.0000 +0.0000 +0.0016 +0.0139 -0.05 0.998 +0.0629 +0.0007
0.980 stand +0.0000 +0.0000 +0.0017 +0.0134 -0.05 0.998 +0.0629 +0.0011
1.000 move -0.0016 +0.0000 +0.0017 +0.0130 -0.04 0.998 +0.0629 +0.0013
1.020 move -0.0032 +0.0000 +0.0017 +0.0127 -0.09 0.998 +0.0629 +0.0023
1.040 move -0.0048 +0.0000 +0.0017 +0.0124 -0.16 0.999 +0.0629 -0.0023
1.060 move -0.0064 +0.0000 +0.0015 +0.0121 -0.22 0.999 +0.0632 -0.0126
1.080 move -0.0080 +0.0000 +0.0009 +0.0117 -0.25 0.998 +0.0638 -0.0265
1.100 move -0.0096 +0.0000 -0.0000 +0.0113 -0.27 0.998 +0.0647 -0.0433
1.120 move -0.0112 +0.0000 -0.0014 +0.0109 -0.26 0.998 +0.0660 -0.0624
1.140 move -0.0128 +0.0000 -0.0032 +0.0103 -0.26 0.997 +0.0676 -0.0829
1.160 move -0.0144 +0.0000 -0.0058 +0.0097 -0.20 0.997 +0.0697 -0.1213
1.180 move -0.0160 +0.0000 -0.0099 +0.0094 +0.14 0.996 +0.0731 -0.1850
1.200 move -0.0176 +0.0000 -0.0158 +0.0092 +0.80 0.993 +0.0676 -0.2508
1.220 move -0.0192 +0.0000 -0.0234 +0.0089 +1.28 0.988 +0.0609 -0.3232
1.240 move -0.0208 +0.0000 -0.0328 +0.0086 +1.56 0.982 +0.0530 -0.4128
1.260 move -0.0224 +0.0000 -0.0428 +0.0082 +1.86 0.975 +0.0453 -0.4122
1.280 move -0.0240 +0.0000 -0.0514 +0.0078 +2.23 0.969 +0.0059 -0.3663
1.300 move -0.0256 +0.0000 -0.0592 +0.0075 +2.37 0.964 +0.0057 -0.3430
1.320 move -0.0272 +0.0000 -0.0655 +0.0075 +2.34 0.960 +0.0333 -0.2082
1.340 move -0.0288 +0.0000 -0.0699 +0.0082 +2.35 0.955 +0.0299 -0.1486
1.360 move -0.0304 +0.0000 -0.0735 +0.0094 +2.32 0.951 -0.0078 -0.1217
1.380 move -0.0320 +0.0000 -0.0767 +0.0109 +2.20 0.947 -0.0089 -0.1210
1.400 move -0.0320 +0.0000 -0.0796 +0.0126 +2.04 0.944 -0.0103 -0.1224
1.420 move -0.0320 +0.0000 -0.0822 +0.0143 +1.87 0.941 -0.0117 -0.1216
1.440 move -0.0320 +0.0000 -0.0845 +0.0160 +1.73 0.938 -0.0133 -0.1101
1.460 move -0.0320 +0.0000 -0.0865 +0.0176 +1.51 0.934 -0.0149 -0.1182
1.480 move -0.0320 +0.0000 -0.0888 +0.0192 +1.40 0.932 +0.0249 -0.1456
1.500 move -0.0320 +0.0000 -0.0954 +0.0204 +1.48 0.922 +0.0227 -0.3023
1.520 move -0.0320 +0.0000 -0.1032 +0.0210 +1.27 0.912 +0.0183 -0.2928
1.540 move -0.0320 +0.0000 -0.1085 +0.0215 +0.78 0.906 -0.0184 -0.1846
1.560 move -0.0320 +0.0000 -0.1124 +0.0218 +0.07 0.904 -0.0188 -0.2013
1.580 move -0.0320 +0.0000 -0.1163 +0.0217 -0.47 0.903 +0.0147 -0.1265
1.600 move -0.0320 +0.0000 -0.1173 +0.0201 -1.22 0.903 +0.0134 +0.0707
1.620 move -0.0320 +0.0000 -0.1172 +0.0173 -1.70 0.906 +0.0136 +0.0766
1.640 move -0.0320 +0.0000 -0.1170 +0.0140 -1.91 0.910 +0.0120 +0.0392
1.660 move -0.0320 +0.0000 -0.1166 +0.0103 -2.07 0.913 +0.0092 +0.0133
1.680 move -0.0320 +0.0000 -0.1162 +0.0064 -2.32 0.916 +0.0061 +0.0001
1.700 move -0.0320 +0.0000 -0.1155 +0.0023 -2.67 0.919 +0.0028 -0.0051
1.720 move -0.0320 +0.0000 -0.1146 -0.0018 -2.99 0.922 -0.0007 +0.0031
1.740 move -0.0320 +0.0000 -0.1135 -0.0059 -3.25 0.927 -0.0043 -0.0059
1.760 move -0.0320 +0.0000 -0.1125 -0.0100 -3.61 0.934 +0.0250 -0.0090
1.780 move -0.0320 +0.0000 -0.1155 -0.0131 -4.17 0.933 +0.0275 -0.1575
1.800 move -0.0320 +0.0000 -0.1197 -0.0153 -4.12 0.930 +0.0261 -0.1359
1.820 move -0.0320 +0.0000 -0.1215 -0.0173 -3.59 0.931 +0.0272 -0.0374
1.840 move -0.0320 +0.0000 -0.1209 -0.0188 -3.07 0.937 -0.0161 +0.0047
1.860 move -0.0320 +0.0000 -0.1201 -0.0200 -2.62 0.942 +0.0326 +0.0451
1.880 move -0.0320 +0.0000 -0.1180 -0.0198 -2.10 0.946 +0.0345 +0.1222
1.900 move -0.0320 +0.0000 -0.1158 -0.0182 -1.73 0.949 +0.0365 +0.1216
1.920 move -0.0320 +0.0000 -0.1133 -0.0158 -1.55 0.953 +0.0134 +0.1174
1.940 move -0.0320 +0.0000 -0.1105 -0.0129 -1.50 0.958 +0.0111 +0.1093
1.960 move -0.0320 +0.0000 -0.1072 -0.0097 -1.43 0.962 +0.0085 +0.1155
1.980 move -0.0320 +0.0000 -0.1034 -0.0062 -1.28 0.968 +0.0468 +0.1345
2.000 move -0.0320 +0.0000 -0.1002 -0.0030 -1.17 0.972 +0.0027 +0.0729
2.020 move -0.0320 +0.0000 -0.0980 +0.0003 -1.22 0.976 +0.0500 +0.0654
2.040 move -0.0320 +0.0000 -0.0998 +0.0029 -0.64 0.976 +0.0486 -0.1568
2.060 move -0.0320 +0.0000 -0.1060 +0.0045 -0.23 0.972 +0.0434 -0.2910
2.080 move -0.0320 +0.0000 -0.1127 +0.0056 -0.26 0.969 +0.0375 -0.2771
2.100 move -0.0320 +0.0000 -0.1171 +0.0064 -0.60 0.968 -0.0051 -0.1796
2.120 move -0.0320 +0.0000 -0.1201 +0.0069 -1.18 0.969 -0.0057 -0.1457
2.140 move -0.0320 +0.0000 -0.1216 +0.0068 -1.73 0.969 +0.0350 +0.0160
2.160 move -0.0320 +0.0000 -0.1211 +0.0056 -2.27 0.967 +0.0366 +0.0714
2.180 move -0.0320 +0.0000 -0.1203 +0.0037 -2.60 0.967 +0.0033 +0.0705
2.200 move -0.0320 +0.0000 -0.1193 +0.0016 -2.73 0.968 +0.0019 +0.0576
2.220 move -0.0320 +0.0000 -0.1180 -0.0005 -2.84 0.969 +0.0005 +0.0588
2.240 move -0.0320 +0.0000 -0.1161 -0.0026 -3.00 0.971 -0.0010 +0.0713
2.260 move -0.0320 +0.0000 -0.1136 -0.0049 -3.18 0.973 -0.0028 +0.0976
2.280 move -0.0320 +0.0000 -0.1105 -0.0071 -3.32 0.976 +0.0460 +0.1175
2.300 move -0.0320 +0.0000 -0.1110 -0.0087 -3.91 0.976 +0.0461 -0.0961
2.320 move -0.0320 +0.0000 -0.1169 -0.0090 -4.11 0.972 +0.0413 -0.2870
2.340 move -0.0320 +0.0000 -0.1249 -0.0089 -4.05 0.967 +0.0344 -0.3400
2.360 move -0.0320 +0.0000 -0.1315 -0.0088 -3.81 0.963 +0.0285 -0.2514
2.380 move -0.0320 +0.0000 -0.1359 -0.0087 -3.21 0.960 -0.0075 -0.2037
2.400 move -0.0320 +0.0000 -0.1397 -0.0085 -2.48 0.959 -0.0078 -0.1864
2.420 move -0.0320 +0.0000 -0.1417 -0.0078 -1.86 0.956 +0.0293 +0.0095
2.440 move -0.0320 +0.0000 -0.1418 -0.0060 -1.34 0.954 +0.0298 +0.0418
2.460 move -0.0320 +0.0000 -0.1417 -0.0035 -1.08 0.953 +0.0037 +0.0359
2.480 move -0.0320 +0.0000 -0.1415 -0.0010 -1.00 0.954 +0.0019 +0.0169
2.500 move -0.0320 +0.0000 -0.1409 +0.0015 -0.89 0.954 +0.0000 +0.0126
2.520 move -0.0320 +0.0000 -0.1399 +0.0040 -0.70 0.956 -0.0019 +0.0193
2.540 move -0.0320 +0.0000 -0.1385 +0.0064 -0.52 0.957 -0.0040 +0.0405
2.560 move -0.0320 +0.0000 -0.1366 +0.0087 -0.39 0.960 -0.0062 +0.0455
2.580 move -0.0320 +0.0000 -0.1371 +0.0107 +0.26 0.960 +0.0343 -0.0950
2.600 move -0.0320 +0.0000 -0.1433 +0.0117 +0.58 0.953 +0.0291 -0.2970
2.620 move -0.0320 +0.0000 -0.1509 +0.0123 +0.43 0.948 +0.0243 -0.3002
2.640 move -0.0320 +0.0000 -0.1560 +0.0128 +0.03 0.945 -0.0096 -0.1801
2.660 move -0.0320 +0.0000 -0.1593 +0.0130 -0.66 0.943 -0.0099 -0.1688
2.680 move -0.0320 +0.0000 -0.1625 +0.0128 -1.26 0.943 +0.0257 -0.1595
2.700 move -0.0320 +0.0000 -0.1631 +0.0117 -1.89 0.941 +0.0260 +0.0633
2.720 move -0.0320 +0.0000 -0.1624 +0.0095 -2.35 0.943 +0.0269 +0.0794
2.740 move -0.0320 +0.0000 -0.1614 +0.0068 -2.57 0.945 +0.0048 +0.0706
2.760 move -0.0320 +0.0000 -0.1603 +0.0040 -2.66 0.948 +0.0027 +0.0534
2.780 move -0.0320 +0.0000 -0.1588 +0.0011 -2.81 0.950 +0.0005 +0.0497
2.800 move -0.0320 +0.0000 -0.1570 -0.0018 -3.06 0.954 -0.0017 +0.0556
2.820 move -0.0320 +0.0000 -0.1551 -0.0045 -3.28 0.957 -0.0040 +0.0498
2.840 move -0.0320 +0.0000 -0.1529 -0.0072 -3.39 0.960 -0.0063 +0.0569
2.860 move -0.0320 +0.0000 -0.1532 -0.0093 -4.02 0.961 +0.0347 -0.0846
2.880 move -0.0320 +0.0000 -0.1588 -0.0099 -4.45 0.956 +0.0301 -0.2654
2.900 move -0.0320 +0.0000 -0.1654 -0.0101 -4.35 0.952 +0.0254 -0.2575
2.920 move -0.0320 +0.0000 -0.1695 -0.0104 -3.95 0.951 -0.0099 -0.1446
2.940 move -0.0320 +0.0000 -0.1722 -0.0105 -3.30 0.951 -0.0104 -0.1402
2.960 move -0.0320 +0.0000 -0.1744 -0.0102 -2.79 0.952 +0.0300 -0.0672
2.980 move -0.0320 +0.0000 -0.1749 -0.0092 -2.24 0.950 +0.0305 +0.0301
3.000 move -0.0320 +0.0000 -0.1748 -0.0071 -1.90 0.950 +0.0078 +0.0446
3.020 move -0.0320 +0.0000 -0.1744 -0.0047 -1.75 0.951 +0.0061 +0.0280
3.040 move -0.0320 +0.0000 -0.1738 -0.0022 -1.64 0.952 +0.0042 +0.0236
3.060 move -0.0320 +0.0000 -0.1728 +0.0005 -1.48 0.954 +0.0022 +0.0253
3.080 move -0.0320 +0.0000 -0.1713 +0.0032 -1.24 0.956 +0.0000 +0.0346
3.100 move -0.0320 +0.0000 -0.1702 +0.0057 -1.03 0.958 -0.0023 +0.0070
3.120 move -0.0320 +0.0000 -0.1690 +0.0081 -0.98 0.960 -0.0046 +0.0130
3.140 move -0.0320 +0.0000 -0.1700 +0.0103 -0.37 0.960 +0.0341 -0.1184
3.160 move -0.0320 +0.0000 -0.1758 +0.0116 +0.18 0.954 +0.0296 -0.2636
3.180 move -0.0320 +0.0000 -0.1819 +0.0125 +0.08 0.950 +0.0257 -0.2328
3.200 move -0.0320 +0.0000 -0.1855 +0.0132 -0.33 0.950 -0.0086 -0.1246
3.220 move -0.0320 +0.0000 -0.1877 +0.0136 -0.90 0.952 -0.0091 -0.1246
3.240 move -0.0320 +0.0000 -0.1891 +0.0134 -1.32 0.953 +0.0314 +0.0058
3.260 move -0.0320 +0.0000 -0.1886 +0.0121 -1.79 0.953 +0.0324 +0.0668
3.280 move -0.0320 +0.0000 -0.1878 +0.0100 -2.07 0.954 +0.0062 +0.0686
3.300 move -0.0320 +0.0000 -0.1868 +0.0075 -2.18 0.956 +0.0045 +0.0559
3.320 move -0.0320 +0.0000 -0.1854 +0.0049 -2.31 0.958 +0.0025 +0.0554
3.340 move -0.0320 +0.0000 -0.1836 +0.0021 -2.50 0.961 +0.0005 +0.0624
3.360 move -0.0320 +0.0000 -0.1813 -0.0006 -2.68 0.964 -0.0017 +0.0829
3.380 move -0.0320 +0.0000 -0.1784 -0.0034 -2.84 0.968 -0.0041 +0.0947
3.400 move -0.0320 +0.0000 -0.1780 -0.0056 -3.42 0.970 +0.0416 -0.0626
3.420 move -0.0320 +0.0000 -0.1834 -0.0064 -3.60 0.966 +0.0370 -0.2732
3.440 move -0.0320 +0.0000 -0.1910 -0.0067 -3.42 0.961 +0.0303 -0.3162
3.460 move -0.0320 +0.0000 -0.1969 -0.0069 -3.09 0.957 +0.0256 -0.2200
3.480 move -0.0320 +0.0000 -0.2003 -0.0072 -2.42 0.956 -0.0088 -0.1609
3.500 move -0.0320 +0.0000 -0.2033 -0.0073 -1.66 0.956 -0.0092 -0.1572
3.520 move -0.0320 +0.0000 -0.2045 -0.0068 -1.00 0.954 +0.0300 +0.0389
3.540 move -0.0320 +0.0000 -0.2039 -0.0051 -0.49 0.953 +0.0309 +0.0682
3.560 move -0.0320 +0.0000 -0.2032 -0.0027 -0.24 0.954 +0.0055 +0.0625
3.580 move -0.0320 +0.0000 -0.2023 -0.0001 -0.14 0.955 +0.0036 +0.0448
3.600 move -0.0320 +0.0000 -0.2010 +0.0025 -0.02 0.957 +0.0017 +0.0442
3.620 move -0.0320 +0.0000 -0.1993 +0.0052 +0.19 0.960 -0.0005 +0.0530
3.640 move -0.0320 +0.0000 -0.1970 +0.0079 +0.37 0.962 -0.0028 +0.0762
3.660 move -0.0320 +0.0000 -0.1942 +0.0104 +0.53 0.966 -0.0051 +0.0839
3.680 move -0.0320 +0.0000 -0.1946 +0.0125 +1.20 0.967 +0.0384 -0.0924
3.700 move -0.0320 +0.0000 -0.2008 +0.0134 +1.42 0.962 +0.0331 -0.2952
3.720 move -0.0320 +0.0000 -0.2083 +0.0139 +1.26 0.957 +0.0273 -0.3014
3.740 move -0.0320 +0.0000 -0.2134 +0.0143 +0.90 0.954 +0.0252 -0.1829
3.760 move -0.0320 +0.0000 -0.2163 +0.0145 +0.25 0.953 -0.0091 -0.1378
3.780 move -0.0320 +0.0000 -0.2188 +0.0144 -0.38 0.953 +0.0299 -0.1452
3.800 move -0.0320 +0.0000 -0.2190 +0.0136 -0.90 0.952 +0.0311 +0.0658
3.820 move -0.0320 +0.0000 -0.2179 +0.0115 -1.32 0.953 +0.0325 +0.0857
3.840 move -0.0320 +0.0000 -0.2167 +0.0088 -1.53 0.955 +0.0051 +0.0777
3.860 move -0.0320 +0.0000 -0.2152 +0.0059 -1.63 0.958 +0.0030 +0.0647
3.880 move -0.0320 +0.0000 -0.2134 +0.0030 -1.77 0.960 +0.0008 +0.0688
3.900 move -0.0320 +0.0000 -0.2111 +0.0000 -2.00 0.964 +0.0379 +0.0794
3.920 move -0.0320 +0.0000 -0.2090 -0.0028 -2.20 0.967 -0.0038 +0.0544
3.940 move -0.0320 +0.0000 -0.2070 -0.0055 -2.21 0.970 +0.0413 +0.0569
3.960 move -0.0320 +0.0000 -0.2086 -0.0075 -2.94 0.969 +0.0405 -0.1339
3.980 move -0.0320 +0.0000 -0.2152 -0.0082 -3.34 0.964 +0.0350 -0.3072
4.000 move -0.0320 +0.0000 -0.2226 -0.0085 -3.33 0.959 +0.0286 -0.2987
4.020 move -0.0320 +0.0000 -0.2276 -0.0088 -2.95 0.957 -0.0097 -0.1961
4.040 move -0.0320 +0.0000 -0.2313 -0.0088 -2.33 0.956 -0.0102 -0.1809
4.060 move -0.0320 +0.0000 -0.2344 -0.0085 -1.83 0.954 +0.0293 -0.0992
4.080 move -0.0320 +0.0000 -0.2358 -0.0074 -1.27 0.951 +0.0292 +0.0001
4.100 move -0.0320 +0.0000 -0.2366 -0.0053 -0.90 0.949 +0.0071 +0.0127
4.120 move -0.0320 +0.0000 -0.2373 -0.0029 -0.75 0.949 +0.0054 -0.0089
4.140 move -0.0320 +0.0000 -0.2376 -0.0004 -0.64 0.948 +0.0036 -0.0165
4.160 move -0.0320 +0.0000 -0.2377 +0.0022 -0.46 0.948 +0.0015 -0.0164
4.180 move -0.0320 +0.0000 -0.2374 +0.0050 -0.22 0.950 -0.0007 -0.0118
4.200 move -0.0320 +0.0000 -0.2366 +0.0076 -0.02 0.951 -0.0030 +0.0083
4.220 move -0.0320 +0.0000 -0.2354 +0.0102 +0.11 0.954 -0.0054 +0.0098
4.240 move -0.0320 +0.0000 -0.2360 +0.0126 +0.63 0.954 +0.0337 -0.0977
4.260 move -0.0320 +0.0000 -0.2414 +0.0139 +1.07 0.949 +0.0307 -0.2438
4.280 move -0.0320 +0.0000 -0.2469 +0.0148 +0.88 0.946 +0.0279 -0.2017
4.300 move -0.0320 +0.0000 -0.2498 +0.0155 +0.40 0.946 -0.0100 -0.0940
4.320 move -0.0320 +0.0000 -0.2512 +0.0159 -0.21 0.948 -0.0106 -0.0969
4.340 move -0.0320 +0.0000 -0.2520 +0.0158 -0.67 0.950 +0.0324 +0.0287
4.360 move -0.0320 +0.0000 -0.2509 +0.0145 -1.17 0.951 +0.0336 +0.0843
4.380 move -0.0320 +0.0000 -0.2496 +0.0124 -1.52 0.953 +0.0076 +0.0846
4.400 move -0.0320 +0.0000 -0.2481 +0.0098 -1.68 0.956 +0.0057 +0.0741
4.420 move -0.0320 +0.0000 -0.2462 +0.0071 -1.81 0.959 +0.0037 +0.0748
4.440 move -0.0320 +0.0000 -0.2438 +0.0042 -1.99 0.963 +0.0016 +0.0843
4.460 move -0.0320 +0.0000 -0.2418 +0.0014 -2.14 0.966 -0.0007 +0.0396
4.480 move -0.0320 +0.0000 -0.2399 -0.0013 -2.19 0.968 -0.0031 +0.0545
4.500 move -0.0320 +0.0000 -0.2397 -0.0036 -2.67 0.970 +0.0429 -0.0751
4.520 move -0.0320 +0.0000 -0.2455 -0.0045 -3.04 0.965 +0.0382 -0.2889
4.540 move -0.0320 +0.0000 -0.2537 -0.0048 -2.99 0.960 +0.0311 -0.3420
4.560 move -0.0320 +0.0000 -0.2602 -0.0051 -2.72 0.956 +0.0252 -0.2416
4.580 move -0.0320 +0.0000 -0.2643 -0.0054 -2.12 0.955 -0.0076 -0.1908
4.600 move -0.0320 +0.0000 -0.2679 -0.0054 -1.42 0.954 -0.0080 -0.1767
4.620 move -0.0320 +0.0000 -0.2697 -0.0050 -0.71 0.951 +0.0270 +0.0212
4.640 move -0.0320 +0.0000 -0.2698 -0.0034 -0.17 0.950 +0.0274 +0.0455
4.660 move -0.0320 +0.0000 -0.2697 -0.0011 +0.07 0.949 +0.0040 +0.0381
4.680 move -0.0320 +0.0000 -0.2695 +0.0012 +0.15 0.950 +0.0023 +0.0165
4.700 move -0.0320 +0.0000 -0.2689 +0.0035 +0.25 0.950 +0.0006 +0.0121
4.720 move -0.0320 +0.0000 -0.2680 +0.0059 +0.44 0.952 -0.0013 +0.0171
4.740 move -0.0320 +0.0000 -0.2667 +0.0083 +0.61 0.953 -0.0033 +0.0364
4.760 move -0.0320 +0.0000 -0.2649 +0.0106 +0.73 0.956 -0.0054 +0.0393
4.780 move -0.0320 +0.0000 -0.2650 +0.0126 +1.30 0.957 +0.0335 -0.0772
4.800 move -0.0320 +0.0000 -0.2709 +0.0135 +1.69 0.951 +0.0293 -0.2809
4.820 move -0.0320 +0.0000 -0.2781 +0.0140 +1.54 0.945 +0.0249 -0.2797
4.840 move -0.0320 +0.0000 -0.2827 +0.0143 +1.11 0.943 +0.0236 -0.1598
4.860 move -0.0320 +0.0000 -0.2852 +0.0145 +0.44 0.943 -0.0093 -0.1272
4.880 move -0.0320 +0.0000 -0.2874 +0.0144 -0.17 0.944 +0.0280 -0.1339
4.900 move -0.0320 +0.0000 -0.2875 +0.0136 -0.71 0.945 +0.0288 +0.0724
4.920 move -0.0320 +0.0000 -0.2862 +0.0116 -1.15 0.946 +0.0302 +0.0895
4.940 move -0.0320 +0.0000 -0.2849 +0.0089 -1.41 0.949 +0.0050 +0.0799
4.960 move -0.0320 +0.0000 -0.2833 +0.0060 -1.54 0.952 +0.0028 +0.0669
4.980 move -0.0320 +0.0000 -0.2814 +0.0031 -1.70 0.956 +0.0007 +0.0665
5.000 move -0.0320 +0.0000 -0.2791 +0.0002 -1.91 0.960 +0.0355 +0.0744
5.020 move -0.0320 +0.0000 -0.2774 -0.0024 -2.07 0.962 -0.0038 +0.0179
5.040 move -0.0320 +0.0000 -0.2762 -0.0050 -2.00 0.964 -0.0062 +0.0182
5.060 move -0.0320 +0.0000 -0.2774 -0.0070 -2.61 0.965 +0.0373 -0.1243
5.080 move -0.0320 +0.0000 -0.2837 -0.0076 -3.15 0.959 +0.0321 -0.2950
5.100 move -0.0320 +0.0000 -0.2908 -0.0079 -3.08 0.953 +0.0260 -0.2836
5.120 move -0.0320 +0.0000 -0.2955 -0.0082 -2.73 0.952 -0.0095 -0.1693
5.140 move -0.0320 +0.0000 -0.2987 -0.0082 -2.10 0.952 -0.0099 -0.1564
5.160 move -0.0320 +0.0000 -0.3014 -0.0079 -1.63 0.951 +0.0285 -0.0816
5.180 move -0.0320 +0.0000 -0.3024 -0.0067 -1.10 0.949 +0.0286 +0.0151
5.200 move -0.0320 +0.0000 -0.3028 -0.0046 -0.75 0.948 +0.0069 +0.0281
5.220 move -0.0320 +0.0000 -0.3030 -0.0022 -0.60 0.948 +0.0051 +0.0071
5.240 move -0.0320 +0.0000 -0.3030 +0.0004 -0.48 0.949 +0.0032 +0.0002
5.260 move -0.0320 +0.0000 -0.3026 +0.0030 -0.29 0.949 +0.0011 +0.0004
5.280 move -0.0320 +0.0000 -0.3019 +0.0058 -0.04 0.951 -0.0010 +0.0053
5.300 move -0.0320 +0.0000 -0.3007 +0.0084 +0.15 0.953 -0.0033 +0.0271
5.320 move -0.0320 +0.0000 -0.2991 +0.0109 +0.28 0.956 -0.0057 +0.0301
5.340 move -0.0320 +0.0000 -0.2997 +0.0132 +0.91 0.956 +0.0334 -0.1017
5.360 move -0.0320 +0.0000 -0.3053 +0.0144 +1.35 0.951 +0.0299 -0.2526
5.380 move -0.0320 +0.0000 -0.3110 +0.0152 +1.14 0.948 +0.0270 -0.2111
5.400 move -0.0320 +0.0000 -0.3141 +0.0159 +0.63 0.948 -0.0100 -0.1013
5.420 move -0.0320 +0.0000 -0.3160 +0.0162 -0.02 0.949 -0.0106 -0.1107
5.440 move -0.0320 +0.0000 -0.3170 +0.0161 -0.51 0.951 +0.0318 +0.0167
5.460 move -0.0320 +0.0000 -0.3163 +0.0148 -1.04 0.951 +0.0329 +0.0745
5.480 move -0.0320 +0.0000 -0.3153 +0.0126 -1.38 0.953 +0.0076 +0.0751
5.500 move -0.0320 +0.0000 -0.3140 +0.0100 -1.48 0.955 +0.0057 +0.0632
5.520 move -0.0320 +0.0000 -0.3124 +0.0073 -1.59 0.958 +0.0037 +0.0634
5.540 move -0.0320 +0.0000 -0.3103 +0.0045 -1.80 0.961 +0.0015 +0.0715
5.560 move -0.0320 +0.0000 -0.3077 +0.0015 -1.97 0.964 -0.0009 +0.0931
5.580 move -0.0320 +0.0000 -0.3045 -0.0014 -2.11 0.969 -0.0034 +0.1050
5.600 move -0.0320 +0.0000 -0.3038 -0.0039 -2.69 0.971 +0.0432 -0.0525
5.620 move -0.0320 +0.0000 -0.3089 -0.0048 -2.91 0.968 +0.0388 -0.2637
5.640 move -0.0320 +0.0000 -0.3164 -0.0053 -2.76 0.963 +0.0324 -0.3098
5.660 move -0.0320 +0.0000 -0.3221 -0.0057 -2.49 0.960 +0.0271 -0.2154
5.680 move -0.0320 +0.0000 -0.3254 -0.0061 -1.87 0.960 -0.0085 -0.1566
5.700 move -0.0320 +0.0000 -0.3282 -0.0063 -1.11 0.959 -0.0090 -0.1448
5.720 move -0.0320 +0.0000 -0.3291 -0.0059 -0.40 0.958 +0.0320 +0.0486
5.740 move -0.0320 +0.0000 -0.3283 -0.0044 +0.15 0.957 +0.0333 +0.0761
5.760 move -0.0320 +0.0000 -0.3274 -0.0021 +0.42 0.958 +0.0053 +0.0707
5.780 move -0.0320 +0.0000 -0.3262 +0.0003 +0.53 0.960 +0.0036 +0.0556
5.800 move -0.0320 +0.0000 -0.3247 +0.0028 +0.65 0.962 +0.0018 +0.0565
5.820 move -0.0320 +0.0000 -0.3226 +0.0054 +0.84 0.964 -0.0002 +0.0689
5.840 move -0.0320 +0.0000 -0.3200 +0.0080 +1.01 0.967 -0.0024 +0.0951
5.860 move -0.0320 +0.0000 -0.3169 +0.0106 +1.15 0.971 +0.0425 +0.1062
5.880 move -0.0320 +0.0000 -0.3175 +0.0126 +1.85 0.971 +0.0425 -0.0954
5.900 move -0.0320 +0.0000 -0.3236 +0.0135 +2.15 0.967 +0.0372 -0.2986
5.920 move -0.0320 +0.0000 -0.3314 +0.0139 +2.06 0.962 +0.0304 -0.3164
5.940 move -0.0320 +0.0000 -0.3368 +0.0142 +1.77 0.959 -0.0081 -0.1988
5.960 move -0.0320 +0.0000 -0.3404 +0.0142 +1.14 0.958 -0.0085 -0.1744
5.980 move -0.0320 +0.0000 -0.3437 +0.0139 +0.56 0.956 +0.0292 -0.1603
6.000 move -0.0320 +0.0000 -0.3442 +0.0129 -0.02 0.954 +0.0300 +0.0627
6.020 move -0.0320 +0.0000 -0.3433 +0.0109 -0.46 0.954 +0.0312 +0.0811
6.040 move -0.0320 +0.0000 -0.3422 +0.0083 -0.67 0.955 +0.0038 +0.0731
6.060 move -0.0320 +0.0000 -0.3409 +0.0056 -0.74 0.957 +0.0018 +0.0567
6.080 move -0.0320 +0.0000 -0.3393 +0.0030 -0.87 0.960 -0.0001 +0.0567
6.100 move -0.0320 +0.0000 -0.3372 +0.0003 -1.08 0.963 -0.0022 +0.0692
6.120 move -0.0320 +0.0000 -0.3353 -0.0022 -1.30 0.965 -0.0044 +0.0411
6.140 move -0.0320 +0.0000 -0.3334 -0.0044 -1.41 0.968 +0.0391 +0.0525
6.160 move -0.0320 +0.0000 -0.3350 -0.0063 -2.17 0.966 +0.0383 -0.1327
6.180 move -0.0320 +0.0000 -0.3415 -0.0071 -2.53 0.960 +0.0329 -0.3043
6.200 move -0.0320 +0.0000 -0.3489 -0.0075 -2.46 0.955 +0.0265 -0.2948
6.220 move -0.0320 +0.0000 -0.3539 -0.0079 -2.04 0.953 -0.0098 -0.1935
6.240 move -0.0320 +0.0000 -0.3576 -0.0080 -1.37 0.952 -0.0103 -0.1804
6.260 move -0.0320 +0.0000 -0.3607 -0.0078 -0.84 0.951 +0.0280 -0.0992
6.280 move -0.0320 +0.0000 -0.3622 -0.0067 -0.27 0.948 +0.0277 -0.0009
6.300 move -0.0320 +0.0000 -0.3631 -0.0046 +0.08 0.946 +0.0072 +0.0119
6.320 move -0.0320 +0.0000 -0.3638 -0.0022 +0.23 0.946 +0.0055 -0.0108
6.340 move -0.0320 +0.0000 -0.3643 +0.0004 +0.35 0.945 +0.0036 -0.0193
6.360 move -0.0320 +0.0000 -0.3645 +0.0031 +0.53 0.945 +0.0015 -0.0213
6.380 move -0.0320 +0.0000 -0.3643 +0.0059 +0.78 0.947 -0.0007 -0.0186
6.400 move -0.0320 +0.0000 -0.3637 +0.0086 +0.98 0.948 -0.0031 +0.0012
6.420 move -0.0320 +0.0000 -0.3628 +0.0112 +1.13 0.950 -0.0055 +0.0009
6.440 move -0.0320 +0.0000 -0.3635 +0.0136 +1.68 0.951 +0.0315 -0.1017
6.460 move -0.0320 +0.0000 -0.3689 +0.0150 +2.18 0.945 +0.0286 -0.2428
6.480 move -0.0320 +0.0000 -0.3744 +0.0160 +2.02 0.941 +0.0258 -0.2016
6.500 stand +0.0000 +0.0000 -0.3775 +0.0168 +1.50 0.941 -0.0106 -0.1002
6.520 stand +0.0000 +0.0000 -0.3793 +0.0173 +0.90 0.943 -0.0113 -0.1162
6.540 stand +0.0000 +0.0000 -0.3805 +0.0173 +0.45 0.945 +0.0296 +0.0174
6.560 stand +0.0000 +0.0000 -0.3780 +0.0161 -0.11 0.948 +0.0317 +0.1984
6.580 stand +0.0000 +0.0000 -0.3729 +0.0146 -0.49 0.955 +0.0360 +0.2535
6.600 stand +0.0000 +0.0000 -0.3673 +0.0136 -0.71 0.963 +0.0409 +0.2418
6.620 stand +0.0000 +0.0000 -0.3618 +0.0127 -0.84 0.970 +0.0457 +0.2184
6.640 stand +0.0000 +0.0000 -0.3572 +0.0120 -0.94 0.975 +0.0499 +0.1723
6.660 stand +0.0000 +0.0000 -0.3535 +0.0115 -1.01 0.978 +0.0531 +0.1364
6.680 stand +0.0000 +0.0000 -0.3505 +0.0111 -1.06 0.981 +0.0556 +0.1107
6.700 stand +0.0000 +0.0000 -0.3480 +0.0109 -1.09 0.983 +0.0577 +0.0950
6.720 stand +0.0000 +0.0000 -0.3458 +0.0108 -1.10 0.984 +0.0597 +0.0866
6.740 stand +0.0000 +0.0000 -0.3437 +0.0109 -1.11 0.986 +0.0615 +0.0827
6.760 stand +0.0000 +0.0000 -0.3417 +0.0111 -1.11 0.987 +0.0632 +0.0813
6.780 stand +0.0000 +0.0000 -0.3397 +0.0113 -1.10 0.988 +0.0650 +0.0811
6.800 stand +0.0000 +0.0000 -0.3376 +0.0117 -1.08 0.990 +0.0668 +0.0818
6.820 stand +0.0000 +0.0000 -0.3356 +0.0121 -1.04 0.991 +0.0685 +0.0830
6.840 stand +0.0000 +0.0000 -0.3335 +0.0126 -0.98 0.992 +0.0703 +0.0845
6.860 stand +0.0000 +0.0000 -0.3314 +0.0130 -0.91 0.993 +0.0721 +0.0862
6.880 stand +0.0000 +0.0000 -0.3293 +0.0136 -0.82 0.994 +0.0739 +0.0880
6.900 stand +0.0000 +0.0000 -0.3271 +0.0141 -0.69 0.995 +0.0756 +0.0906
6.920 stand +0.0000 +0.0000 -0.3248 +0.0146 -0.54 0.995 +0.0764 +0.0936
6.940 stand +0.0000 +0.0000 -0.3225 +0.0152 -0.36 0.996 +0.0760 +0.0969
6.960 stand +0.0000 +0.0000 -0.3201 +0.0159 -0.17 0.997 +0.0756 +0.0980
6.980 stand +0.0000 +0.0000 -0.3178 +0.0165 -0.03 0.997 +0.0751 +0.0927
7.000 stand +0.0000 +0.0000 -0.3156 +0.0170 +0.15 0.997 +0.0744 +0.0911
7.020 stand +0.0000 +0.0000 -0.3135 +0.0173 +0.34 0.998 +0.0723 +0.0838
7.040 stand +0.0000 +0.0000 -0.3116 +0.0174 +0.47 0.998 +0.0705 +0.0720
7.060 stand +0.0000 +0.0000 -0.3101 +0.0173 +0.47 0.998 +0.0690 +0.0585
7.080 stand +0.0000 +0.0000 -0.3089 +0.0171 +0.47 0.998 +0.0677 +0.0455
7.100 stand +0.0000 +0.0000 -0.3080 +0.0169 +0.47 0.998 +0.0668 +0.0339
7.120 stand +0.0000 +0.0000 -0.3073 +0.0166 +0.47 0.998 +0.0661 +0.0240
7.140 stand +0.0000 +0.0000 -0.3069 +0.0163 +0.47 0.998 +0.0656 +0.0157
7.160 stand +0.0000 +0.0000 -0.3066 +0.0160 +0.49 0.998 +0.0652 +0.0091
7.180 stand +0.0000 +0.0000 -0.3065 +0.0158 +0.51 0.998 +0.0650 +0.0038
7.200 stand +0.0000 +0.0000 -0.3065 +0.0156 +0.53 0.998 +0.0649 -0.0003
7.220 stand +0.0000 +0.0000 -0.3065 +0.0154 +0.56 0.999 +0.0649 -0.0031
7.240 stand +0.0000 +0.0000 -0.3066 +0.0153 +0.59 0.999 +0.0649 -0.0050
7.260 stand +0.0000 +0.0000 -0.3068 +0.0152 +0.61 0.999 +0.0650 -0.0061
7.280 stand +0.0000 +0.0000 -0.3069 +0.0151 +0.63 0.999 +0.0650 -0.0067
7.300 stand +0.0000 +0.0000 -0.3071 +0.0151 +0.66 0.999 +0.0651 -0.0069
7.320 stand +0.0000 +0.0000 -0.3072 +0.0151 +0.69 0.999 +0.0651 -0.0068
7.340 stand +0.0000 +0.0000 -0.3074 +0.0151 +0.71 0.999 +0.0652 -0.0066
7.360 stand +0.0000 +0.0000 -0.3076 +0.0152 +0.74 0.999 +0.0653 -0.0064
7.380 stand +0.0000 +0.0000 -0.3077 +0.0153 +0.77 0.999 +0.0653 -0.0061
7.400 stand +0.0000 +0.0000 -0.3079 +0.0153 +0.79 0.999 +0.0653 -0.0058
7.420 stand +0.0000 +0.0000 -0.3080 +0.0154 +0.82 0.999 +0.0654 -0.0056
7.440 stand +0.0000 +0.0000 -0.3081 +0.0155 +0.84 0.999 +0.0654 -0.0054
7.460 stand +0.0000 +0.0000 -0.3083 +0.0156 +0.87 0.998 +0.0654 -0.0052
7.480 stand +0.0000 +0.0000 -0.3084 +0.0157 +0.89 0.998 +0.0655 -0.0046
7.500 stand +0.0000 +0.0000 -0.3085 +0.0158 +0.90 0.998 +0.0655 -0.0043
7.520 stand +0.0000 +0.0000 -0.3086 +0.0159 +0.91 0.998 +0.0655 -0.0039
7.540 stand +0.0000 +0.0000 -0.3087 +0.0160 +0.92 0.998 +0.0655 -0.0034
7.560 stand +0.0000 +0.0000 -0.3087 +0.0161 +0.93 0.998 +0.0655 -0.0028
7.580 stand +0.0000 +0.0000 -0.3088 +0.0162 +0.94 0.998 +0.0654 -0.0023
7.600 stand +0.0000 +0.0000 -0.3088 +0.0162 +0.95 0.998 +0.0654 -0.0018
7.620 stand +0.0000 +0.0000 -0.3089 +0.0163 +0.96 0.998 +0.0654 -0.0014
7.640 stand +0.0000 +0.0000 -0.3089 +0.0164 +0.97 0.998 +0.0653 -0.0011
7.660 stand +0.0000 +0.0000 -0.3089 +0.0164 +0.98 0.998 +0.0653 -0.0009
7.680 stand +0.0000 +0.0000 -0.3089 +0.0165 +0.98 0.998 +0.0652 -0.0007
7.700 stand +0.0000 +0.0000 -0.3090 +0.0165 +0.99 0.998 +0.0652 -0.0006
7.720 stand +0.0000 +0.0000 -0.3090 +0.0166 +1.00 0.998 +0.0651 -0.0005
7.740 stand +0.0000 +0.0000 -0.3090 +0.0166 +1.00 0.998 +0.0650 -0.0004
7.760 stand +0.0000 +0.0000 -0.3090 +0.0167 +1.01 0.998 +0.0650 -0.0004
7.780 stand +0.0000 +0.0000 -0.3090 +0.0167 +1.01 0.998 +0.0649 -0.0005
7.800 stand +0.0000 +0.0000 -0.3090 +0.0168 +1.02 0.998 +0.0649 -0.0005
7.820 stand +0.0000 +0.0000 -0.3090 +0.0168 +1.02 0.998 +0.0648 -0.0005
7.840 stand +0.0000 +0.0000 -0.3090 +0.0169 +1.03 0.998 +0.0648 -0.0004
7.860 stand +0.0000 +0.0000 -0.3090 +0.0169 +1.03 0.998 +0.0647 -0.0004
7.880 stand +0.0000 +0.0000 -0.3090 +0.0170 +1.04 0.998 +0.0647 -0.0004
7.900 stand +0.0000 +0.0000 -0.3090 +0.0170 +1.04 0.998 +0.0647 -0.0003
7.920 stand +0.0000 +0.0000 -0.3091 +0.0170 +1.05 0.998 +0.0646 -0.0002
7.940 stand +0.0000 +0.0000 -0.3091 +0.0171 +1.05 0.998 +0.0646 -0.0002
7.960 stand +0.0000 +0.0000 -0.3091 +0.0171 +1.06 0.998 +0.0645 -0.0001
7.980 stand +0.0000 +0.0000 -0.3091 +0.0171 +1.06 0.998 +0.0645 -0.0001
8.000 stand +0.0000 +0.0000 -0.3091 +0.0170 +1.07 0.998 +0.0644 -0.0001
8.020 stand +0.0000 +0.0000 -0.3091 +0.0170 +1.07 0.998 +0.0644 -0.0000
8.040 stand +0.0000 +0.0000 -0.3091 +0.0170 +1.08 0.998 +0.0644 -0.0000
8.060 stand +0.0000 +0.0000 -0.3091 +0.0170 +1.08 0.998 +0.0643 -0.0000
8.080 stand +0.0000 +0.0000 -0.3091 +0.0169 +1.08 0.998 +0.0643 -0.0000
8.100 stand +0.0000 +0.0000 -0.3090 +0.0169 +1.09 0.998 +0.0642 -0.0000
8.120 stand +0.0000 +0.0000 -0.3090 +0.0169 +1.09 0.998 +0.0642 -0.0000
8.140 stand +0.0000 +0.0000 -0.3090 +0.0168 +1.10 0.998 +0.0642 -0.0000
8.160 stand +0.0000 +0.0000 -0.3090 +0.0168 +1.10 0.998 +0.0641 -0.0000
8.180 stand +0.0000 +0.0000 -0.3090 +0.0168 +1.10 0.998 +0.0641 -0.0000
8.200 stand +0.0000 +0.0000 -0.3090 +0.0168 +1.10 0.998 +0.0641 -0.0000
8.220 stand +0.0000 +0.0000 -0.3090 +0.0168 +1.11 0.998 +0.0640 -0.0001
8.240 stand +0.0000 +0.0000 -0.3090 +0.0168 +1.11 0.998 +0.0640 -0.0001
8.260 stand +0.0000 +0.0000 -0.3090 +0.0168 +1.11 0.998 +0.0640 -0.0001
8.280 stand +0.0000 +0.0000 -0.3090 +0.0168 +1.12 0.998 +0.0639 -0.0001
8.300 stand +0.0000 +0.0000 -0.3090 +0.0168 +1.12 0.998 +0.0639 -0.0001
8.320 stand +0.0000 +0.0000 -0.3090 +0.0168 +1.12 0.998 +0.0639 -0.0001
8.340 stand +0.0000 +0.0000 -0.3090 +0.0168 +1.12 0.998 +0.0639 -0.0001
8.360 stand +0.0000 +0.0000 -0.3091 +0.0168 +1.12 0.998 +0.0638 -0.0001
8.380 stand +0.0000 +0.0000 -0.3091 +0.0168 +1.13 0.998 +0.0638 -0.0001
8.400 stand +0.0000 +0.0000 -0.3091 +0.0168 +1.13 0.998 +0.0638 -0.0001
8.420 stand +0.0000 +0.0000 -0.3091 +0.0168 +1.13 0.998 +0.0638 -0.0001
8.440 stand +0.0000 +0.0000 -0.3091 +0.0168 +1.13 0.998 +0.0637 -0.0001
8.460 stand +0.0000 +0.0000 -0.3091 +0.0168 +1.14 0.998 +0.0637 -0.0001
8.480 stand +0.0000 +0.0000 -0.3091 +0.0168 +1.14 0.998 +0.0637 -0.0001
8.500 stand +0.0000 +0.0000 -0.3091 +0.0168 +1.14 0.998 +0.0637 -0.0000
8.520 stand +0.0000 +0.0000 -0.3091 +0.0168 +1.14 0.998 +0.0636 -0.0000
8.540 stand +0.0000 +0.0000 -0.3091 +0.0167 +1.14 0.998 +0.0636 -0.0000
8.560 stand +0.0000 +0.0000 -0.3091 +0.0167 +1.14 0.998 +0.0636 -0.0000
8.580 stand +0.0000 +0.0000 -0.3091 +0.0167 +1.15 0.998 +0.0636 -0.0000
8.600 stand +0.0000 +0.0000 -0.3091 +0.0167 +1.15 0.998 +0.0636 -0.0000
8.620 stand +0.0000 +0.0000 -0.3091 +0.0167 +1.15 0.998 +0.0635 -0.0000
8.640 stand +0.0000 +0.0000 -0.3091 +0.0167 +1.15 0.998 +0.0635 -0.0000
8.660 stand +0.0000 +0.0000 -0.3091 +0.0167 +1.15 0.998 +0.0635 -0.0000
8.680 stand +0.0000 +0.0000 -0.3091 +0.0167 +1.15 0.998 +0.0635 +0.0000
8.700 stand +0.0000 +0.0000 -0.3091 +0.0167 +1.16 0.998 +0.0635 +0.0001
8.720 stand +0.0000 +0.0000 -0.3090 +0.0167 +1.17 0.998 +0.0634 +0.0002
8.740 stand +0.0000 +0.0000 -0.3090 +0.0167 +1.17 0.998 +0.0634 +0.0002
8.760 stand +0.0000 +0.0000 -0.3090 +0.0167 +1.18 0.998 +0.0634 +0.0002
8.780 stand +0.0000 +0.0000 -0.3090 +0.0167 +1.18 0.998 +0.0634 +0.0002
8.800 stand +0.0000 +0.0000 -0.3090 +0.0166 +1.18 0.998 +0.0634 +0.0002
8.820 stand +0.0000 +0.0000 -0.3090 +0.0166 +1.18 0.998 +0.0633 +0.0002
8.840 stand +0.0000 +0.0000 -0.3090 +0.0166 +1.19 0.998 +0.0633 +0.0002
8.860 stand +0.0000 +0.0000 -0.3090 +0.0166 +1.19 0.998 +0.0633 +0.0002
8.880 stand +0.0000 +0.0000 -0.3090 +0.0166 +1.19 0.998 +0.0633 +0.0001
8.900 stand +0.0000 +0.0000 -0.3090 +0.0166 +1.19 0.998 +0.0633 +0.0001
8.920 stand +0.0000 +0.0000 -0.3090 +0.0166 +1.20 0.998 +0.0632 +0.0000
8.940 stand +0.0000 +0.0000 -0.3090 +0.0166 +1.20 0.998 +0.0632 -0.0000
8.960 stand +0.0000 +0.0000 -0.3090 +0.0166 +1.20 0.998 +0.0632 -0.0000
8.980 stand +0.0000 +0.0000 -0.3090 +0.0166 +1.20 0.998 +0.0632 -0.0000
