Day-1 steer log
applied_vx is the clamped command, not odometry. Forward clamp is 0.056 m/s, lowered from 0.080 because 0.080 yaws off and tips near 1.2 m (support margin about −0.09 m). CPG amplitude is |applied_vx| / 0.080, so full forward stick is amplitude 0.70 and reverse -0.032 m/s stays amplitude 0.40 with stance damper 100 N/(m/s). Yaw cap is ±0.25 rad/s. Forward yaw is swing-phase only: stance hip yaw is 0, and the airborne foot toes 0.10 rad left or 0.12 rad right at full stick (+joint toes right). Outside-step scale stays 0.20 on a left command (0.24 after 12 s) and 0.10 on a right command. Forward swing adds 0.38 rad of knee flexion at mid-swing and scales contralateral shoulder pitch by 11.0 while going straight, slewed back to 3.4 while yaw is commanded. Lateral COM shift is 0.16 rad. Reverse does not take the knee lift or the arm scale. Measured motion Δx=+0.280 m, mean body vx=+0.046 m/s (not the command). Straight-forward net yaw drift=+3.16 deg; yaw during that window -2.3 to +3.1 deg. Heading at the end of the clip is +0.32 deg from the start. Turn-window Δyaw=+0.00 deg (mean yaw rate +0.000 rad/s, cap ±0.25). tip=False; CoP in box=True (outside 0.0000 m); peak leg torque=2.10 Nm (limit 2.1). Stance-slip damper is 25 N/(m/s) while walking forward, down from the CSF50 crawl's 115. After stop it is 100 N/(m/s) for 1.20 s (pose blend 0.70 s), then off. A reverse stop finishes at most one step first if that phase would pitch. Foot box, friction, kp, and ±2.1 Nm are unchanged.
fault=False reason=-
t mode applied_vx applied_yaw_rate x y yaw_deg up_z margin body_vx
0.000 stand +0.0000 +0.0000 +0.0002 -0.0000 +0.00 1.000 +0.0641 +0.0146
0.020 stand +0.0000 +0.0000 +0.0006 +0.0000 +0.00 1.000 +0.0638 +0.0154
0.040 stand +0.0000 +0.0000 +0.0010 +0.0000 +0.00 1.000 +0.0635 +0.0147
0.060 stand +0.0000 +0.0000 +0.0013 +0.0000 +0.00 1.000 +0.0632 +0.0140
0.080 stand +0.0000 +0.0000 +0.0016 +0.0001 +0.00 1.000 +0.0629 +0.0124
0.100 stand +0.0000 +0.0000 +0.0019 +0.0001 +0.00 1.000 +0.0627 +0.0104
0.120 stand +0.0000 +0.0000 +0.0021 +0.0001 +0.00 1.000 +0.0625 +0.0080
0.140 stand +0.0000 +0.0000 +0.0023 +0.0002 -0.00 1.000 +0.0624 +0.0055
0.160 stand +0.0000 +0.0000 +0.0023 +0.0002 -0.00 1.000 +0.0623 +0.0030
0.180 stand +0.0000 +0.0000 +0.0024 +0.0003 -0.00 1.000 +0.0623 +0.0007
0.200 stand +0.0000 +0.0000 +0.0024 +0.0003 -0.00 1.000 +0.0623 -0.0011
0.220 stand +0.0000 +0.0000 +0.0023 +0.0004 -0.00 1.000 +0.0624 -0.0024
0.240 stand +0.0000 +0.0000 +0.0022 +0.0005 -0.00 1.000 +0.0624 -0.0032
0.260 stand +0.0000 +0.0000 +0.0022 +0.0005 -0.00 1.000 +0.0625 -0.0036
0.280 stand +0.0000 +0.0000 +0.0021 +0.0006 -0.00 1.000 +0.0626 -0.0035
0.300 stand +0.0000 +0.0000 +0.0020 +0.0007 -0.00 1.000 +0.0627 -0.0032
0.320 stand +0.0000 +0.0000 +0.0019 +0.0008 -0.00 1.000 +0.0627 -0.0026
0.340 stand +0.0000 +0.0000 +0.0019 +0.0009 -0.00 1.000 +0.0628 -0.0019
0.360 stand +0.0000 +0.0000 +0.0018 +0.0010 -0.00 1.000 +0.0628 -0.0012
0.380 stand +0.0000 +0.0000 +0.0018 +0.0012 -0.00 1.000 +0.0628 -0.0005
0.400 stand +0.0000 +0.0000 +0.0018 +0.0014 -0.00 1.000 +0.0628 +0.0001
0.420 stand +0.0000 +0.0000 +0.0018 +0.0015 -0.01 1.000 +0.0628 +0.0006
0.440 stand +0.0000 +0.0000 +0.0018 +0.0017 -0.01 1.000 +0.0628 +0.0009
0.460 stand +0.0000 +0.0000 +0.0019 +0.0020 -0.01 1.000 +0.0627 +0.0010
0.480 stand +0.0000 +0.0000 +0.0019 +0.0023 -0.01 1.000 +0.0627 +0.0011
0.500 stand +0.0000 +0.0000 +0.0019 +0.0026 -0.01 1.000 +0.0627 +0.0010
0.520 stand +0.0000 +0.0000 +0.0019 +0.0029 -0.01 1.000 +0.0627 +0.0009
0.540 stand +0.0000 +0.0000 +0.0020 +0.0033 -0.01 1.000 +0.0627 +0.0007
0.560 stand +0.0000 +0.0000 +0.0020 +0.0037 -0.01 1.000 +0.0627 +0.0004
0.580 stand +0.0000 +0.0000 +0.0020 +0.0042 -0.02 1.000 +0.0627 +0.0002
0.600 move +0.0016 +0.0000 +0.0020 +0.0048 -0.02 1.000 +0.0627 +0.0001
0.620 move +0.0032 +0.0000 +0.0020 +0.0054 +0.02 1.000 +0.0627 -0.0001
0.640 move +0.0048 +0.0000 +0.0020 +0.0061 +0.09 1.000 +0.0627 +0.0037
0.660 move +0.0064 +0.0000 +0.0021 +0.0069 +0.15 1.000 +0.0627 +0.0089
0.680 move +0.0080 +0.0000 +0.0024 +0.0077 +0.21 0.999 +0.0626 +0.0155
0.700 move +0.0096 +0.0000 +0.0027 +0.0085 +0.26 0.999 +0.0624 +0.0210
0.720 move +0.0112 +0.0000 +0.0032 +0.0091 +0.29 0.999 +0.0621 +0.0263
0.740 move +0.0128 +0.0000 +0.0038 +0.0095 +0.30 0.999 +0.0618 +0.0328
0.760 move +0.0144 +0.0000 +0.0046 +0.0097 +0.28 0.998 +0.0614 +0.0637
0.780 move +0.0160 +0.0000 +0.0058 +0.0097 +0.35 0.999 +0.0608 +0.0756
0.800 move +0.0176 +0.0000 +0.0075 +0.0093 +0.50 0.999 +0.0600 +0.1046
0.820 move +0.0192 +0.0000 +0.0096 +0.0087 +0.71 0.999 +0.0072 +0.1149
0.840 move +0.0208 +0.0000 +0.0116 +0.0078 +0.67 0.999 +0.0065 +0.0731
0.860 move +0.0224 +0.0000 +0.0136 +0.0068 +0.44 1.000 +0.0058 +0.0761
0.880 move +0.0240 +0.0000 +0.0159 +0.0059 +0.29 0.999 +0.0050 +0.0894
0.900 move +0.0256 +0.0000 +0.0187 +0.0051 +0.24 0.999 +0.0043 +0.1138
0.920 move +0.0272 +0.0000 +0.0219 +0.0044 +0.09 0.998 +0.0036 +0.1296
0.940 move +0.0288 +0.0000 +0.0253 +0.0041 -0.29 0.997 +0.0032 +0.1679
0.960 move +0.0304 +0.0000 +0.0280 +0.0041 -0.49 0.996 +0.0489 +0.0852
0.980 move +0.0320 +0.0000 +0.0294 +0.0043 -0.79 0.996 +0.0489 +0.0404
1.000 move +0.0336 +0.0000 +0.0300 +0.0048 -1.11 0.996 -0.0039 +0.0165
1.020 move +0.0352 +0.0000 +0.0300 +0.0055 -1.39 0.996 -0.0042 -0.0026
1.040 move +0.0368 +0.0000 +0.0294 +0.0062 -1.75 0.997 -0.0045 -0.0140
1.060 move +0.0384 +0.0000 +0.0281 +0.0067 -2.17 0.998 -0.0047 -0.0397
1.080 move +0.0400 +0.0000 +0.0273 +0.0072 -2.27 0.999 -0.0051 +0.0079
1.100 move +0.0416 +0.0000 +0.0272 +0.0078 -2.24 1.000 -0.0057 +0.0325
1.120 move +0.0432 +0.0000 +0.0277 +0.0084 -2.16 1.000 -0.0062 +0.0504
1.140 move +0.0448 +0.0000 +0.0290 +0.0090 -2.11 1.000 -0.0068 +0.0778
1.160 move +0.0464 +0.0000 +0.0314 +0.0096 -2.15 1.000 -0.0073 +0.1174
1.180 move +0.0480 +0.0000 +0.0348 +0.0100 -2.23 0.999 -0.0079 +0.1502
1.200 move +0.0496 +0.0000 +0.0384 +0.0108 -1.61 0.999 -0.0089 +0.1669
1.220 move +0.0512 +0.0000 +0.0410 +0.0108 -0.73 0.997 +0.0050 +0.0193
1.240 move +0.0528 +0.0000 +0.0424 +0.0102 +0.13 0.993 +0.0049 -0.0024
1.260 move +0.0544 +0.0000 +0.0436 +0.0093 +0.35 0.990 +0.0044 +0.0262
1.280 move +0.0560 +0.0000 +0.0446 +0.0082 +0.38 0.988 +0.0039 +0.0409
1.300 move +0.0560 +0.0000 +0.0452 +0.0070 +0.38 0.988 +0.0032 +0.0404
1.320 move +0.0560 +0.0000 +0.0453 +0.0057 +0.52 0.990 +0.0021 +0.0380
1.340 move +0.0560 +0.0000 +0.0447 +0.0042 +0.65 0.992 +0.0006 +0.0039
1.360 move +0.0560 +0.0000 +0.0447 +0.0023 +0.62 0.996 -0.0011 +0.0677
1.380 move +0.0560 +0.0000 +0.0456 +0.0002 +0.46 0.998 -0.0028 +0.0876
1.400 move +0.0560 +0.0000 +0.0471 -0.0017 +0.28 0.999 -0.0044 +0.1039
1.420 move +0.0560 +0.0000 +0.0495 -0.0035 +0.23 0.999 -0.0060 +0.1271
1.440 move +0.0560 +0.0000 +0.0531 -0.0053 +0.15 0.999 -0.0075 +0.1715
1.460 move +0.0560 +0.0000 +0.0563 -0.0073 +0.05 0.997 -0.0091 +0.1089
1.480 move +0.0392 +0.0000 +0.0592 -0.0092 -0.06 0.995 +0.0369 +0.0824
1.500 move +0.0408 +0.0000 +0.0609 -0.0096 -0.30 0.990 +0.0373 -0.0156
1.520 move +0.0424 +0.0000 +0.0616 -0.0089 -0.74 0.985 +0.0113 -0.0442
1.540 move +0.0440 +0.0000 +0.0620 -0.0076 -0.87 0.983 +0.0106 -0.0060
1.560 move +0.0456 +0.0000 +0.0622 -0.0059 -0.84 0.982 +0.0095 +0.0085
1.580 move +0.0472 +0.0000 +0.0620 -0.0040 -0.80 0.984 +0.0081 +0.0064
1.600 move +0.0488 +0.0000 +0.0613 -0.0018 -0.90 0.986 +0.0062 +0.0027
1.620 move +0.0504 +0.0000 +0.0598 +0.0008 -1.09 0.990 +0.0039 -0.0461
1.640 move +0.0520 +0.0000 +0.0582 +0.0037 -1.32 0.994 +0.0013 +0.0005
1.660 move +0.0536 +0.0000 +0.0577 +0.0068 -1.21 0.997 -0.0013 +0.0290
1.680 move +0.0552 +0.0000 +0.0581 +0.0099 -1.08 0.999 -0.0039 +0.0475
1.700 move +0.0560 +0.0000 +0.0594 +0.0131 -1.06 0.999 -0.0066 +0.0836
1.720 move +0.0560 +0.0000 +0.0621 +0.0160 -1.08 0.998 -0.0093 +0.1297
1.740 move +0.0560 +0.0000 +0.0653 +0.0191 -0.63 0.997 -0.0122 +0.1473
1.760 move +0.0560 +0.0000 +0.0681 +0.0212 +0.03 0.995 +0.0106 +0.0287
1.780 move +0.0560 +0.0000 +0.0692 +0.0222 +0.93 0.989 +0.0118 -0.0462
1.800 move +0.0560 +0.0000 +0.0700 +0.0224 +1.20 0.984 +0.0124 -0.0181
1.820 move +0.0560 +0.0000 +0.0707 +0.0222 +1.33 0.980 +0.0126 +0.0142
1.840 move +0.0560 +0.0000 +0.0711 +0.0215 +1.28 0.979 +0.0123 +0.0303
1.860 move +0.0560 +0.0000 +0.0712 +0.0203 +1.31 0.981 +0.0112 +0.0394
1.880 move +0.0560 +0.0000 +0.0704 +0.0184 +1.36 0.984 +0.0093 -0.0091
1.900 move +0.0560 +0.0000 +0.0696 +0.0155 +1.44 0.989 +0.0067 +0.0301
1.920 move +0.0560 +0.0000 +0.0696 +0.0118 +1.45 0.994 +0.0034 +0.0522
1.940 move +0.0560 +0.0000 +0.0702 +0.0081 +1.30 0.998 +0.0002 +0.0682
1.960 move +0.0560 +0.0000 +0.0713 +0.0045 +1.12 0.999 -0.0028 +0.0841
1.980 move +0.0560 +0.0000 +0.0733 +0.0009 +1.32 0.999 -0.0060 +0.0944
2.000 move +0.0560 +0.0000 +0.0764 -0.0027 +1.58 0.998 -0.0092 +0.1334
2.020 move +0.0560 +0.0000 +0.0799 -0.0063 +1.07 0.997 +0.0394 +0.1266
2.040 move +0.0560 +0.0000 +0.0817 -0.0085 +0.07 0.993 +0.0103 -0.0527
2.060 move +0.0560 +0.0000 +0.0827 -0.0096 -0.46 0.987 +0.0119 -0.0299
2.080 move +0.0560 +0.0000 +0.0838 -0.0102 -0.40 0.981 +0.0127 +0.0183
2.100 move +0.0560 +0.0000 +0.0848 -0.0104 -0.38 0.979 +0.0132 +0.0407
2.120 move +0.0560 +0.0000 +0.0854 -0.0101 -0.41 0.978 +0.0130 +0.0450
2.140 move +0.0560 +0.0000 +0.0856 -0.0092 -0.60 0.980 +0.0122 +0.0482
2.160 move +0.0560 +0.0000 +0.0849 -0.0075 -0.77 0.983 +0.0105 -0.0020
2.180 move +0.0560 +0.0000 +0.0843 -0.0048 -0.90 0.988 +0.0079 +0.0422
2.200 move +0.0560 +0.0000 +0.0845 -0.0011 -0.92 0.993 +0.0047 +0.0603
2.220 move +0.0560 +0.0000 +0.0852 +0.0027 -0.80 0.997 +0.0014 +0.0749
2.240 move +0.0560 +0.0000 +0.0865 +0.0064 -0.75 0.999 -0.0017 +0.0786
2.260 move +0.0560 +0.0000 +0.0886 +0.0099 -0.98 0.999 -0.0049 +0.1037
2.280 move +0.0560 +0.0000 +0.0915 +0.0135 -0.83 0.998 -0.0081 +0.1269
2.300 move +0.0560 +0.0000 +0.0948 +0.0164 -0.34 0.997 +0.0432 +0.0922
2.320 move +0.0560 +0.0000 +0.0961 +0.0179 +0.72 0.992 +0.0096 -0.0527
2.340 move +0.0560 +0.0000 +0.0969 +0.0187 +1.13 0.988 +0.0108 -0.0224
2.360 move +0.0560 +0.0000 +0.0975 +0.0190 +1.28 0.984 +0.0115 +0.0063
2.380 move +0.0560 +0.0000 +0.0978 +0.0189 +1.39 0.983 +0.0118 +0.0188
2.400 move +0.0560 +0.0000 +0.0977 +0.0183 +1.45 0.983 +0.0115 +0.0125
2.420 move +0.0560 +0.0000 +0.0971 +0.0172 +1.61 0.986 +0.0105 +0.0077
2.440 move +0.0560 +0.0000 +0.0960 +0.0152 +1.66 0.989 +0.0085 -0.0038
2.460 move +0.0560 +0.0000 +0.0957 +0.0121 +1.60 0.993 +0.0058 +0.0514
2.480 move +0.0560 +0.0000 +0.0962 +0.0086 +1.50 0.997 +0.0027 +0.0687
2.500 move +0.0560 +0.0000 +0.0973 +0.0051 +1.36 0.999 -0.0003 +0.0832
2.520 move +0.0560 +0.0000 +0.0991 +0.0017 +1.43 1.000 -0.0033 +0.1066
2.540 move +0.0560 +0.0000 +0.1020 -0.0016 +1.58 1.000 -0.0063 +0.1322
2.560 move +0.0560 +0.0000 +0.1056 -0.0048 +1.29 0.999 -0.0093 +0.1716
2.580 move +0.0560 +0.0000 +0.1092 -0.0071 +0.74 0.998 +0.0502 +0.0682
2.600 move +0.0560 +0.0000 +0.1109 -0.0083 -0.05 0.994 +0.0109 -0.0115
2.620 move +0.0560 +0.0000 +0.1122 -0.0087 -0.57 0.989 +0.0120 +0.0110
2.640 move +0.0560 +0.0000 +0.1134 -0.0088 -0.76 0.986 +0.0126 +0.0381
2.660 move +0.0560 +0.0000 +0.1142 -0.0084 -0.83 0.985 +0.0126 +0.0439
2.680 move +0.0560 +0.0000 +0.1145 -0.0074 -0.87 0.985 +0.0119 +0.0302
2.700 move +0.0560 +0.0000 +0.1142 -0.0058 -1.01 0.987 +0.0104 +0.0328
2.720 move +0.0560 +0.0000 +0.1142 -0.0031 -0.98 0.991 +0.0079 +0.0467
2.740 move +0.0560 +0.0000 +0.1149 +0.0005 -0.91 0.995 +0.0047 +0.0910
2.760 move +0.0560 +0.0000 +0.1162 +0.0043 -0.83 0.998 +0.0014 +0.1045
2.780 move +0.0560 +0.0000 +0.1181 +0.0080 -0.74 0.999 -0.0017 +0.1138
2.800 move +0.0560 +0.0000 +0.1207 +0.0116 -0.93 1.000 -0.0049 +0.1283
2.820 move +0.0560 +0.0000 +0.1244 +0.0151 -1.16 0.999 -0.0081 +0.1689
2.840 move +0.0560 +0.0000 +0.1286 +0.0187 -0.79 0.998 -0.0114 +0.1872
2.860 move +0.0560 +0.0000 +0.1323 +0.0213 -0.10 0.996 +0.0103 +0.0682
2.880 move +0.0560 +0.0000 +0.1344 +0.0228 +0.88 0.990 +0.0120 -0.0013
2.900 move +0.0560 +0.0000 +0.1363 +0.0234 +1.15 0.984 +0.0130 +0.0328
2.920 move +0.0560 +0.0000 +0.1381 +0.0236 +1.34 0.980 +0.0136 +0.0626
2.940 move +0.0560 +0.0000 +0.1396 +0.0234 +1.50 0.978 +0.0137 +0.0787
2.960 move +0.0560 +0.0000 +0.1409 +0.0225 +1.77 0.979 +0.0129 +0.0924
2.980 move +0.0560 +0.0000 +0.1414 +0.0210 +2.05 0.981 +0.0114 +0.0474
3.000 move +0.0560 +0.0000 +0.1414 +0.0184 +2.33 0.986 +0.0090 +0.0653
3.020 move +0.0560 +0.0000 +0.1421 +0.0148 +2.48 0.991 +0.0057 +0.0780
3.040 move +0.0560 +0.0000 +0.1432 +0.0108 +2.41 0.995 +0.0022 +0.0883
3.060 move +0.0560 +0.0000 +0.1448 +0.0070 +2.26 0.998 -0.0010 +0.1018
3.080 move +0.0560 +0.0000 +0.1470 +0.0033 +2.43 0.998 -0.0043 +0.1000
3.100 move +0.0560 +0.0000 +0.1501 -0.0006 +2.67 0.997 -0.0077 +0.1262
3.120 move +0.0560 +0.0000 +0.1535 -0.0043 +2.17 0.995 +0.0365 +0.1147
3.140 move +0.0560 +0.0000 +0.1552 -0.0065 +1.19 0.991 +0.0093 -0.0591
3.160 move +0.0560 +0.0000 +0.1562 -0.0078 +0.65 0.984 +0.0110 -0.0316
3.180 move +0.0560 +0.0000 +0.1573 -0.0086 +0.68 0.979 +0.0121 +0.0162
3.200 move +0.0560 +0.0000 +0.1583 -0.0090 +0.70 0.976 +0.0127 +0.0394
3.220 move +0.0560 +0.0000 +0.1589 -0.0088 +0.66 0.976 +0.0127 +0.0444
3.240 move +0.0560 +0.0000 +0.1590 -0.0082 +0.45 0.978 +0.0121 +0.0504
3.260 move +0.0560 +0.0000 +0.1584 -0.0068 +0.26 0.981 +0.0107 +0.0028
3.280 move +0.0560 +0.0000 +0.1575 -0.0045 +0.07 0.986 +0.0085 +0.0306
3.300 move +0.0560 +0.0000 +0.1574 -0.0012 +0.02 0.992 +0.0056 +0.0501
3.320 move +0.0560 +0.0000 +0.1578 +0.0024 +0.15 0.996 +0.0025 +0.0648
3.340 move +0.0560 +0.0000 +0.1587 +0.0058 +0.23 0.998 -0.0005 +0.0683
3.360 move +0.0560 +0.0000 +0.1604 +0.0093 -0.00 0.998 -0.0035 +0.0888
3.380 move +0.0560 +0.0000 +0.1630 +0.0126 +0.16 0.998 -0.0065 +0.1136
3.400 move +0.0560 +0.0000 +0.1660 +0.0154 +0.66 0.996 +0.0423 +0.0860
3.420 move +0.0560 +0.0000 +0.1670 +0.0169 +1.68 0.992 +0.0078 -0.0616
3.440 move +0.0560 +0.0000 +0.1675 +0.0177 +2.10 0.988 +0.0090 -0.0322
3.460 move +0.0560 +0.0000 +0.1679 +0.0181 +2.23 0.985 +0.0098 -0.0040
3.480 move +0.0560 +0.0000 +0.1680 +0.0181 +2.30 0.984 +0.0102 +0.0076
3.500 move +0.0560 +0.0000 +0.1676 +0.0177 +2.31 0.984 +0.0101 +0.0008
3.520 move +0.0560 +0.0000 +0.1667 +0.0167 +2.42 0.987 +0.0092 -0.0052
3.540 move +0.0560 +0.0000 +0.1654 +0.0150 +2.43 0.990 +0.0075 -0.0152
3.560 move +0.0560 +0.0000 +0.1649 +0.0122 +2.34 0.994 +0.0051 +0.0424
3.580 move +0.0560 +0.0000 +0.1652 +0.0090 +2.21 0.997 +0.0023 +0.0616
3.600 move +0.0560 +0.0000 +0.1662 +0.0059 +2.07 0.999 -0.0004 +0.0750
3.620 move +0.0560 +0.0000 +0.1680 +0.0029 +2.13 1.000 -0.0031 +0.1019
3.640 move +0.0560 +0.0000 +0.1709 +0.0000 +2.27 1.000 -0.0058 +0.1322
3.660 move +0.0560 +0.0000 +0.1745 -0.0027 +1.97 1.000 -0.0085 +0.1721
3.680 move +0.0560 +0.0000 +0.1782 -0.0048 +1.44 0.998 +0.0511 +0.0750
3.700 move +0.0560 +0.0000 +0.1800 -0.0057 +0.64 0.994 +0.0098 -0.0066
3.720 move +0.0560 +0.0000 +0.1814 -0.0060 +0.10 0.990 +0.0108 +0.0140
3.740 move +0.0560 +0.0000 +0.1826 -0.0060 -0.05 0.987 +0.0113 +0.0395
3.760 move +0.0560 +0.0000 +0.1834 -0.0055 -0.06 0.986 +0.0112 +0.0440
3.780 move +0.0560 +0.0000 +0.1837 -0.0044 -0.03 0.986 +0.0105 +0.0288
3.800 move +0.0560 +0.0000 +0.1834 -0.0029 -0.10 0.988 +0.0091 +0.0300
3.820 move +0.0560 +0.0000 +0.1834 -0.0004 -0.03 0.992 +0.0067 +0.0478
3.840 move +0.0560 +0.0000 +0.1840 +0.0029 +0.06 0.995 +0.0038 +0.0921
3.860 move +0.0560 +0.0000 +0.1853 +0.0064 +0.15 0.998 +0.0008 +0.1059
3.880 move +0.0560 +0.0000 +0.1872 +0.0097 +0.24 0.999 -0.0020 +0.1164
3.900 move +0.0560 +0.0000 +0.1898 +0.0129 +0.16 1.000 -0.0047 +0.1317
3.920 move +0.0560 +0.0000 +0.1936 +0.0160 +0.10 0.999 -0.0073 +0.1814
3.940 move +0.0560 +0.0000 +0.1972 +0.0191 +0.23 0.998 -0.0099 +0.1335
3.960 move +0.0560 +0.0000 +0.2008 +0.0220 +0.34 0.996 +0.0409 +0.1096
3.980 move +0.0392 +0.0000 +0.2032 +0.0233 +0.79 0.991 +0.0125 +0.0149
4.000 move +0.0408 +0.0000 +0.2050 +0.0236 +1.38 0.986 +0.0131 +0.0227
4.020 move +0.0424 +0.0000 +0.2066 +0.0232 +1.60 0.983 +0.0132 +0.0484
4.040 move +0.0440 +0.0000 +0.2079 +0.0224 +1.64 0.981 +0.0127 +0.0577
4.060 move +0.0456 +0.0000 +0.2089 +0.0210 +1.64 0.982 +0.0116 +0.0641
4.080 move +0.0472 +0.0000 +0.2090 +0.0191 +1.71 0.984 +0.0098 +0.0223
4.100 move +0.0488 +0.0000 +0.2087 +0.0166 +2.01 0.987 +0.0076 +0.0195
4.120 move +0.0504 +0.0000 +0.2081 +0.0133 +2.31 0.992 +0.0049 +0.0256
4.140 move +0.0520 +0.0000 +0.2083 +0.0098 +2.22 0.995 +0.0019 +0.0496
4.160 move +0.0536 +0.0000 +0.2092 +0.0064 +2.01 0.998 -0.0009 +0.0736
4.180 move +0.0552 +0.0000 +0.2107 +0.0032 +1.97 0.998 -0.0037 +0.0783
4.200 move +0.0560 +0.0000 +0.2133 +0.0000 +2.05 0.997 -0.0064 +0.1107
4.220 move +0.0560 +0.0000 +0.2160 -0.0033 +1.92 0.995 -0.0093 +0.0978
4.240 move +0.0392 +0.0000 +0.2179 -0.0057 +1.67 0.992 +0.0354 -0.0005
4.260 move +0.0392 +0.0000 +0.2186 -0.0065 +1.22 0.987 +0.0125 -0.0651
4.280 move +0.0408 +0.0000 +0.2189 -0.0066 +0.74 0.983 +0.0129 -0.0263
4.300 move +0.0424 +0.0000 +0.2191 -0.0061 +0.73 0.981 +0.0128 -0.0040
4.320 move +0.0440 +0.0000 +0.2189 -0.0051 +0.84 0.981 +0.0122 -0.0007
4.340 move +0.0456 +0.0000 +0.2183 -0.0037 +0.88 0.983 +0.0110 +0.0013
4.360 move +0.0472 +0.0000 +0.2168 -0.0019 +0.79 0.986 +0.0093 -0.0430
4.380 move +0.0488 +0.0000 +0.2149 +0.0005 +0.49 0.990 +0.0071 -0.0373
4.400 move +0.0504 +0.0000 +0.2136 +0.0038 +0.41 0.994 +0.0044 +0.0010
4.420 move +0.0520 +0.0000 +0.2132 +0.0071 +0.61 0.998 +0.0016 +0.0306
4.440 move +0.0536 +0.0000 +0.2135 +0.0103 +0.85 0.999 -0.0011 +0.0508
4.460 move +0.0552 +0.0000 +0.2151 +0.0133 +0.86 0.999 -0.0036 +0.0934
4.480 move +0.0560 +0.0000 +0.2177 +0.0162 +0.91 0.998 -0.0060 +0.1042
4.500 move +0.0560 +0.0000 +0.2203 +0.0192 +1.16 0.997 -0.0088 +0.1120
4.520 move +0.0392 +0.0000 +0.2221 +0.0215 +1.61 0.994 +0.0395 -0.0204
4.540 move +0.0408 +0.0000 +0.2225 +0.0223 +2.47 0.990 +0.0091 -0.0576
4.560 move +0.0424 +0.0000 +0.2228 +0.0224 +2.62 0.987 +0.0096 -0.0139
4.580 move +0.0440 +0.0000 +0.2230 +0.0223 +2.50 0.986 +0.0097 +0.0014
4.600 move +0.0456 +0.0000 +0.2227 +0.0217 +2.39 0.986 +0.0094 -0.0035
4.620 move +0.0472 +0.0000 +0.2219 +0.0207 +2.41 0.988 +0.0085 -0.0086
4.640 move +0.0488 +0.0000 +0.2203 +0.0192 +2.53 0.990 +0.0071 -0.0593
4.660 move +0.0504 +0.0000 +0.2187 +0.0170 +2.70 0.994 +0.0052 -0.0070
4.680 move +0.0520 +0.0000 +0.2182 +0.0142 +2.61 0.997 +0.0028 +0.0256
4.700 move +0.0536 +0.0000 +0.2185 +0.0113 +2.44 0.999 +0.0004 +0.0461
4.720 move +0.0552 +0.0000 +0.2197 +0.0086 +2.42 1.000 -0.0021 +0.0771
4.740 move +0.0560 +0.0000 +0.2222 +0.0061 +2.43 1.000 -0.0044 +0.1289
4.760 move +0.0560 +0.0000 +0.2257 +0.0036 +2.01 0.999 -0.0068 +0.1537
4.780 move +0.0560 +0.0000 +0.2289 +0.0016 +1.43 0.998 +0.0437 +0.0566
4.800 move +0.0560 +0.0000 +0.2303 +0.0007 +0.59 0.994 +0.0063 -0.0431
4.820 move +0.0560 +0.0000 +0.2312 +0.0003 +0.08 0.989 +0.0071 -0.0172
4.840 move +0.0560 +0.0000 +0.2322 +0.0001 -0.08 0.985 +0.0079 +0.0272
4.860 move +0.0560 +0.0000 +0.2329 +0.0002 -0.04 0.983 +0.0082 +0.0428
4.880 move +0.0560 +0.0000 +0.2332 +0.0006 +0.01 0.984 +0.0079 +0.0318
4.900 move +0.0560 +0.0000 +0.2328 +0.0014 -0.11 0.986 +0.0071 +0.0247
4.920 move +0.0560 +0.0000 +0.2320 +0.0030 -0.16 0.990 +0.0055 +0.0151
4.940 move +0.0560 +0.0000 +0.2320 +0.0054 -0.10 0.994 +0.0033 +0.0656
4.960 move +0.0560 +0.0000 +0.2326 +0.0081 +0.01 0.997 +0.0010 +0.0783
4.980 move +0.0560 +0.0000 +0.2338 +0.0107 +0.18 0.999 -0.0012 +0.0940
5.000 move +0.0560 +0.0000 +0.2356 +0.0131 +0.15 1.000 -0.0032 +0.0945
5.020 move +0.0560 +0.0000 +0.2384 +0.0154 +0.05 0.999 -0.0052 +0.1334
5.040 move +0.0560 +0.0000 +0.2414 +0.0179 +0.28 0.998 -0.0072 +0.1089
5.060 move +0.0560 +0.0000 +0.2445 +0.0201 +0.55 0.996 +0.0380 +0.0945
5.080 move +0.0392 +0.0000 +0.2465 +0.0210 +1.25 0.991 +0.0077 -0.0094
5.100 move +0.0408 +0.0000 +0.2479 +0.0212 +1.87 0.987 +0.0082 +0.0103
5.120 move +0.0424 +0.0000 +0.2493 +0.0210 +1.99 0.984 +0.0084 +0.0408
5.140 move +0.0440 +0.0000 +0.2504 +0.0204 +1.94 0.983 +0.0081 +0.0482
5.160 move +0.0456 +0.0000 +0.2510 +0.0195 +1.93 0.984 +0.0074 +0.0528
5.180 move +0.0472 +0.0000 +0.2509 +0.0183 +2.00 0.985 +0.0062 +0.0092
5.200 move +0.0488 +0.0000 +0.2501 +0.0165 +2.35 0.988 +0.0047 +0.0062
5.220 move +0.0504 +0.0000 +0.2492 +0.0143 +2.71 0.993 +0.0028 +0.0107
5.240 move +0.0520 +0.0000 +0.2491 +0.0118 +2.59 0.996 +0.0007 +0.0376
5.260 move +0.0536 +0.0000 +0.2497 +0.0094 +2.33 0.998 -0.0012 +0.0628
5.280 move +0.0552 +0.0000 +0.2509 +0.0072 +2.25 0.999 -0.0031 +0.0689
5.300 move +0.0560 +0.0000 +0.2533 +0.0051 +2.28 0.998 -0.0049 +0.1039
5.320 move +0.0560 +0.0000 +0.2558 +0.0028 +2.15 0.996 -0.0069 +0.0823
5.340 move +0.0560 +0.0000 +0.2581 +0.0012 +2.06 0.994 +0.0363 +0.0323
5.360 move +0.0560 +0.0000 +0.2592 +0.0014 +1.72 0.988 +0.0086 -0.0614
5.380 move +0.0560 +0.0000 +0.2597 +0.0024 +1.30 0.983 +0.0083 -0.0241
5.400 move +0.0560 +0.0000 +0.2602 +0.0037 +1.28 0.981 +0.0075 +0.0148
5.420 move +0.0560 +0.0000 +0.2605 +0.0052 +1.29 0.981 +0.0066 +0.0257
5.440 move +0.0560 +0.0000 +0.2604 +0.0068 +1.23 0.983 +0.0052 +0.0318
5.460 move +0.0560 +0.0000 +0.2595 +0.0086 +1.08 0.986 +0.0035 -0.0156
5.480 move +0.0560 +0.0000 +0.2581 +0.0108 +0.81 0.990 +0.0016 -0.0027
5.500 move +0.0560 +0.0000 +0.2575 +0.0133 +0.79 0.995 -0.0007 +0.0328
5.520 move +0.0560 +0.0000 +0.2576 +0.0159 +0.99 0.998 -0.0029 +0.0515
5.540 move +0.0560 +0.0000 +0.2583 +0.0184 +1.15 0.999 -0.0049 +0.0565
5.560 move +0.0560 +0.0000 +0.2599 +0.0208 +1.08 0.998 -0.0070 +0.0876
5.580 move +0.0560 +0.0000 +0.2622 +0.0232 +1.15 0.997 -0.0089 +0.0791
5.600 move +0.0560 +0.0000 +0.2644 +0.0255 +1.41 0.995 +0.0353 +0.0835
5.620 move +0.0392 +0.0000 +0.2660 +0.0266 +1.68 0.992 +0.0364 -0.0164
5.640 move +0.0408 +0.0000 +0.2664 +0.0264 +2.31 0.987 +0.0118 -0.0604
5.660 move +0.0424 +0.0000 +0.2667 +0.0254 +2.72 0.984 +0.0114 -0.0216
5.680 move +0.0440 +0.0000 +0.2668 +0.0241 +2.79 0.983 +0.0107 -0.0052
5.700 move +0.0456 +0.0000 +0.2665 +0.0224 +2.73 0.984 +0.0095 -0.0053
5.720 move +0.0472 +0.0000 +0.2657 +0.0203 +2.75 0.986 +0.0077 -0.0073
5.740 move +0.0488 +0.0000 +0.2641 +0.0178 +2.89 0.989 +0.0055 -0.0552
5.760 move +0.0504 +0.0000 +0.2623 +0.0148 +3.13 0.993 +0.0030 -0.0208
5.780 move +0.0520 +0.0000 +0.2615 +0.0114 +3.06 0.997 +0.0001 +0.0141
5.800 move +0.0536 +0.0000 +0.2616 +0.0081 +2.88 0.999 -0.0026 +0.0346
5.820 move +0.0552 +0.0000 +0.2627 +0.0050 +2.77 1.000 -0.0053 +0.0683
5.840 move +0.0560 +0.0000 +0.2650 +0.0020 +2.63 0.999 -0.0079 +0.1271
5.860 move +0.0560 +0.0000 +0.2676 -0.0010 +2.40 0.998 -0.0104 +0.0875
5.880 move +0.0560 +0.0000 +0.2704 -0.0039 +2.21 0.996 +0.0409 +0.0929
5.900 move +0.0392 +0.0000 +0.2718 -0.0054 +1.65 0.993 +0.0120 -0.0370
5.920 move +0.0408 +0.0000 +0.2724 -0.0060 +1.02 0.989 +0.0129 -0.0324
5.940 move +0.0424 +0.0000 +0.2728 -0.0060 +0.97 0.986 +0.0132 -0.0034
5.960 move +0.0440 +0.0000 +0.2729 -0.0054 +1.10 0.985 +0.0129 +0.0026
5.980 move +0.0456 +0.0000 +0.2724 -0.0043 +1.22 0.985 +0.0121 -0.0092
6.000 move +0.0472 +0.0000 +0.2713 -0.0027 +1.17 0.988 +0.0106 -0.0174
6.020 move +0.0488 +0.0000 +0.2695 -0.0005 +1.11 0.991 +0.0085 -0.0445
6.040 move +0.0504 +0.0000 +0.2684 +0.0026 +1.09 0.995 +0.0057 +0.0205
6.060 move +0.0520 +0.0000 +0.2682 +0.0061 +1.19 0.998 +0.0028 +0.0412
6.080 move +0.0536 +0.0000 +0.2686 +0.0095 +1.27 0.999 -0.0002 +0.0563
6.100 move +0.0552 +0.0000 +0.2701 +0.0129 +1.24 1.000 -0.0031 +0.0960
6.120 move +0.0560 +0.0000 +0.2729 +0.0162 +1.21 1.000 -0.0059 +0.1416
6.140 move +0.0560 +0.0000 +0.2765 +0.0195 +1.63 0.999 -0.0088 +0.1785
6.160 move +0.0560 +0.0000 +0.2800 +0.0219 +2.20 0.997 +0.0481 +0.0714
6.180 move +0.0560 +0.0000 +0.2815 +0.0230 +3.14 0.993 +0.0099 -0.0240
6.200 stand +0.0000 +0.0000 +0.2823 +0.0235 +3.82 0.989 +0.0107 -0.0350
6.220 stand +0.0000 +0.0000 +0.2827 +0.0236 +4.04 0.986 +0.0112 -0.0198
6.240 stand +0.0000 +0.0000 +0.2827 +0.0235 +4.10 0.985 +0.0113 -0.0163
6.260 stand +0.0000 +0.0000 +0.2824 +0.0231 +4.16 0.984 +0.0110 -0.0285
6.280 stand +0.0000 +0.0000 +0.2813 +0.0222 +4.30 0.985 +0.0104 -0.0537
6.300 stand +0.0000 +0.0000 +0.2796 +0.0209 +4.49 0.987 +0.0096 -0.0847
6.320 stand +0.0000 +0.0000 +0.2770 +0.0192 +4.57 0.988 +0.0083 -0.1213
6.340 stand +0.0000 +0.0000 +0.2734 +0.0171 +4.48 0.991 +0.0068 -0.1648
6.360 stand +0.0000 +0.0000 +0.2689 +0.0148 +4.39 0.994 +0.0050 -0.2106
6.380 stand +0.0000 +0.0000 +0.2632 +0.0123 +4.38 0.996 +0.0032 -0.2535
6.400 stand +0.0000 +0.0000 +0.2575 +0.0096 +4.33 0.998 +0.0013 -0.2401
6.420 stand +0.0000 +0.0000 +0.2522 +0.0070 +4.24 1.000 -0.0006 -0.2180
6.440 stand +0.0000 +0.0000 +0.2477 +0.0044 +4.15 1.000 -0.0025 -0.1868
6.460 stand +0.0000 +0.0000 +0.2439 +0.0018 +4.03 1.000 -0.0045 -0.1504
6.480 stand +0.0000 +0.0000 +0.2411 -0.0008 +3.86 0.999 -0.0065 -0.1121
6.500 stand +0.0000 +0.0000 +0.2393 -0.0033 +3.68 0.998 +0.0771 -0.0667
6.520 stand +0.0000 +0.0000 +0.2386 -0.0052 +3.57 0.998 +0.0756 -0.0268
6.540 stand +0.0000 +0.0000 +0.2385 -0.0067 +3.51 0.998 +0.0744 +0.0023
6.560 stand +0.0000 +0.0000 +0.2391 -0.0079 +3.48 0.997 +0.0734 +0.0242
6.580 stand +0.0000 +0.0000 +0.2400 -0.0089 +3.44 0.997 +0.0725 +0.0405
6.600 stand +0.0000 +0.0000 +0.2414 -0.0098 +3.41 0.997 +0.0716 +0.0657
6.620 stand +0.0000 +0.0000 +0.2429 -0.0107 +3.37 0.997 +0.0707 +0.0593
6.640 stand +0.0000 +0.0000 +0.2444 -0.0115 +3.29 0.997 +0.0699 +0.0559
6.660 stand +0.0000 +0.0000 +0.2457 -0.0121 +3.19 0.997 +0.0693 +0.0512
6.680 stand +0.0000 +0.0000 +0.2469 -0.0125 +3.08 0.997 +0.0689 +0.0448
6.700 stand +0.0000 +0.0000 +0.2479 -0.0127 +2.93 0.997 +0.0686 +0.0370
6.720 stand +0.0000 +0.0000 +0.2487 -0.0127 +2.79 0.997 +0.0678 +0.0287
6.740 stand +0.0000 +0.0000 +0.2493 -0.0125 +2.73 0.997 +0.0672 +0.0214
6.760 stand +0.0000 +0.0000 +0.2497 -0.0121 +2.69 0.997 +0.0668 +0.0146
6.780 stand +0.0000 +0.0000 +0.2500 -0.0116 +2.61 0.997 +0.0665 +0.0070
6.800 stand +0.0000 +0.0000 +0.2500 -0.0109 +2.48 0.997 +0.0664 -0.0008
6.820 stand +0.0000 +0.0000 +0.2499 -0.0103 +2.34 0.997 +0.0664 -0.0079
6.840 stand +0.0000 +0.0000 +0.2496 -0.0096 +2.19 0.997 +0.0666 -0.0139
6.860 stand +0.0000 +0.0000 +0.2493 -0.0088 +2.03 0.997 +0.0668 -0.0190
6.880 stand +0.0000 +0.0000 +0.2488 -0.0081 +1.88 0.998 +0.0671 -0.0225
6.900 stand +0.0000 +0.0000 +0.2482 -0.0074 +1.72 0.998 +0.0674 -0.0239
6.920 stand +0.0000 +0.0000 +0.2477 -0.0068 +1.55 0.998 +0.0677 -0.0204
6.940 stand +0.0000 +0.0000 +0.2473 -0.0063 +1.41 0.998 +0.0678 -0.0143
6.960 stand +0.0000 +0.0000 +0.2471 -0.0059 +1.29 0.998 +0.0678 -0.0073
6.980 stand +0.0000 +0.0000 +0.2471 -0.0055 +1.20 0.998 +0.0677 -0.0013
7.000 stand +0.0000 +0.0000 +0.2471 -0.0052 +1.13 0.998 +0.0674 +0.0034
7.020 stand +0.0000 +0.0000 +0.2473 -0.0049 +1.07 0.998 +0.0671 +0.0065
7.040 stand +0.0000 +0.0000 +0.2475 -0.0046 +1.02 0.998 +0.0668 +0.0085
7.060 stand +0.0000 +0.0000 +0.2477 -0.0043 +0.97 0.998 +0.0664 +0.0088
7.080 stand +0.0000 +0.0000 +0.2479 -0.0040 +0.94 0.999 +0.0661 +0.0086
7.100 stand +0.0000 +0.0000 +0.2481 -0.0037 +0.91 0.999 +0.0657 +0.0078
7.120 stand +0.0000 +0.0000 +0.2483 -0.0034 +0.89 0.999 +0.0654 +0.0062
7.140 stand +0.0000 +0.0000 +0.2484 -0.0032 +0.87 0.999 +0.0652 +0.0037
7.160 stand +0.0000 +0.0000 +0.2484 -0.0029 +0.84 0.999 +0.0650 +0.0011
7.180 stand +0.0000 +0.0000 +0.2484 -0.0027 +0.81 0.999 +0.0649 -0.0013
7.200 stand +0.0000 +0.0000 +0.2484 -0.0026 +0.78 0.999 +0.0649 -0.0032
7.220 stand +0.0000 +0.0000 +0.2483 -0.0025 +0.75 0.999 +0.0649 -0.0047
7.240 stand +0.0000 +0.0000 +0.2481 -0.0024 +0.73 0.999 +0.0649 -0.0056
7.260 stand +0.0000 +0.0000 +0.2480 -0.0024 +0.70 0.999 +0.0649 -0.0063
7.280 stand +0.0000 +0.0000 +0.2478 -0.0024 +0.67 0.999 +0.0650 -0.0066
7.300 stand +0.0000 +0.0000 +0.2477 -0.0024 +0.64 0.999 +0.0650 -0.0068
7.320 stand +0.0000 +0.0000 +0.2475 -0.0025 +0.61 0.999 +0.0651 -0.0067
7.340 stand +0.0000 +0.0000 +0.2473 -0.0026 +0.59 0.999 +0.0651 -0.0066
7.360 stand +0.0000 +0.0000 +0.2472 -0.0027 +0.56 0.999 +0.0651 -0.0064
7.380 stand +0.0000 +0.0000 +0.2470 -0.0029 +0.54 0.999 +0.0652 -0.0062
7.400 stand +0.0000 +0.0000 +0.2469 -0.0030 +0.51 0.999 +0.0652 -0.0060
7.420 stand +0.0000 +0.0000 +0.2467 -0.0032 +0.49 0.999 +0.0653 -0.0073
7.440 stand +0.0000 +0.0000 +0.2465 -0.0034 +0.46 0.999 +0.0653 -0.0084
7.460 stand +0.0000 +0.0000 +0.2463 -0.0036 +0.44 0.999 +0.0654 -0.0093
7.480 stand +0.0000 +0.0000 +0.2461 -0.0039 +0.41 0.999 +0.0655 -0.0099
7.500 stand +0.0000 +0.0000 +0.2459 -0.0042 +0.39 0.998 +0.0656 -0.0102
7.520 stand +0.0000 +0.0000 +0.2456 -0.0045 +0.36 0.998 +0.0657 -0.0103
7.540 stand +0.0000 +0.0000 +0.2454 -0.0048 +0.34 0.998 +0.0658 -0.0090
7.560 stand +0.0000 +0.0000 +0.2452 -0.0051 +0.33 0.998 +0.0659 -0.0076
7.580 stand +0.0000 +0.0000 +0.2451 -0.0054 +0.32 0.998 +0.0659 -0.0060
