Day-1 steer log
Hiwonder GaitManager wSin schedule into the same 50 Hz position servos. Not the open-loop CPG. No root wrench. Row GM100, period 1.000 s, dsp 0.20, x 0.020 m, z 0.020 m, y_swap 0.020 m, pelvis 0 deg, stance hip cap 0.070 rad, z_hold=False. Swing sole median 0.006 m, p90 0.014 m, swing contact 0.178, stance slip 0.0067 m/s, sat_rate 0.081, lifts 16, missed gates 0, rear_unload_frac 1.00, rear_share_min 0.00, CoP margin before lift 0.000 m, CoP x before lift 0.000 m. Measured Δx=-0.001 m, mean body vx=-0.003 m/s (not the command). Turn-window Δyaw=+0.00 deg (mean yaw rate +0.000 rad/s). tip=False; min_up_z=0.953; peak leg torque=2.45 Nm (limit 2.45). Plant is the #43 thaw only: legs ±2.45 Nm, foot box 135×76 mm, md5 17dc4ff37491c8e61900fd83b5d31f0c. No further plant edit. Vendor look is about 2 cm, a 300–600 ms step, forward progress, no skate, upright, arms not frozen. An upright march or a shuffle that misses that period is a Prefer FAIL.
fault=False reason=-
t mode applied_vx applied_yaw_rate x y yaw_deg up_z margin body_vx
0.000 stand +0.0000 +0.0000 +0.0002 -0.0000 -0.00 1.000 +0.0591 +0.0138
0.020 stand +0.0000 +0.0000 +0.0006 -0.0000 +0.00 1.000 +0.0588 +0.0149
0.040 stand +0.0000 +0.0000 +0.0009 -0.0000 +0.00 1.000 +0.0585 +0.0145
0.060 stand +0.0000 +0.0000 +0.0013 -0.0000 +0.00 1.000 +0.0582 +0.0141
0.080 stand +0.0000 +0.0000 +0.0016 -0.0000 +0.00 1.000 +0.0579 +0.0131
0.100 stand +0.0000 +0.0000 +0.0019 -0.0000 +0.00 1.000 +0.0577 +0.0115
0.120 stand +0.0000 +0.0000 +0.0021 -0.0000 +0.00 1.000 +0.0575 +0.0094
0.140 stand +0.0000 +0.0000 +0.0023 -0.0000 +0.00 1.000 +0.0573 +0.0070
0.160 stand +0.0000 +0.0000 +0.0025 -0.0000 +0.00 1.000 +0.0572 +0.0045
0.180 stand +0.0000 +0.0000 +0.0025 -0.0000 +0.00 1.000 +0.0572 +0.0022
0.200 stand +0.0000 +0.0000 +0.0025 -0.0000 +0.00 1.000 +0.0572 +0.0001
0.220 stand +0.0000 +0.0000 +0.0025 -0.0000 +0.00 1.000 +0.0572 -0.0016
0.240 stand +0.0000 +0.0000 +0.0025 -0.0000 +0.00 1.000 +0.0572 -0.0028
0.260 stand +0.0000 +0.0000 +0.0024 -0.0000 +0.00 1.000 +0.0573 -0.0036
0.280 stand +0.0000 +0.0000 +0.0023 -0.0001 +0.00 1.000 +0.0574 -0.0038
0.300 stand +0.0000 +0.0000 +0.0022 -0.0001 +0.00 1.000 +0.0574 -0.0037
0.320 stand +0.0000 +0.0000 +0.0021 -0.0001 +0.00 1.000 +0.0575 -0.0033
0.340 stand +0.0000 +0.0000 +0.0020 -0.0001 +0.00 1.000 +0.0576 -0.0027
0.360 stand +0.0000 +0.0000 +0.0020 -0.0001 +0.00 1.000 +0.0576 -0.0020
0.380 stand +0.0000 +0.0000 +0.0019 -0.0001 +0.00 1.000 +0.0576 -0.0013
0.400 move +0.0016 +0.0000 +0.0019 -0.0001 -0.02 1.000 +0.0577 +0.0019
0.420 move +0.0032 +0.0000 +0.0020 -0.0002 -0.07 1.000 +0.0578 +0.0041
0.440 move +0.0048 +0.0000 +0.0021 -0.0004 -0.14 1.000 +0.0580 +0.0036
0.460 move +0.0064 +0.0000 +0.0022 -0.0008 -0.20 1.000 +0.0582 +0.0055
0.480 move +0.0080 +0.0000 +0.0023 -0.0012 -0.27 1.000 +0.0586 +0.0085
0.500 move +0.0096 +0.0000 +0.0025 -0.0017 -0.38 1.000 +0.0590 +0.0155
0.520 move +0.0112 +0.0000 +0.0028 -0.0024 -0.51 0.999 +0.0594 +0.0210
0.540 move +0.0128 +0.0000 +0.0032 -0.0032 -0.62 0.999 +0.0599 +0.0241
0.560 move +0.0144 +0.0000 +0.0035 -0.0042 -0.66 0.999 +0.0605 +0.0229
0.580 move +0.0160 +0.0000 +0.0037 -0.0052 -0.77 0.999 +0.0612 +0.0158
0.600 move +0.0176 +0.0000 +0.0037 -0.0063 -0.83 0.999 +0.0620 +0.0054
0.620 move +0.0192 +0.0000 +0.0034 -0.0074 -0.84 0.999 +0.0047 -0.0137
0.640 move +0.0208 +0.0000 +0.0027 -0.0085 -0.77 0.999 +0.0055 -0.0373
0.660 move +0.0224 +0.0000 +0.0019 -0.0097 -0.63 0.999 +0.0065 -0.0397
0.680 move +0.0240 +0.0000 +0.0012 -0.0109 -0.49 0.999 +0.0075 -0.0269
0.700 move +0.0256 +0.0000 +0.0007 -0.0122 -0.44 0.999 +0.0086 -0.0170
0.720 move +0.0272 +0.0000 +0.0005 -0.0136 -0.39 0.999 +0.0099 -0.0014
0.740 move +0.0288 +0.0000 +0.0006 -0.0150 -0.36 0.999 +0.0111 +0.0167
0.760 move +0.0304 +0.0000 +0.0014 -0.0163 -0.27 1.000 +0.0124 +0.0425
0.780 move +0.0320 +0.0000 +0.0027 -0.0173 -0.10 1.000 +0.0135 +0.0681
0.800 move +0.0336 +0.0000 +0.0043 -0.0180 +0.10 1.000 +0.0143 +0.0654
0.820 move +0.0352 +0.0000 +0.0061 -0.0183 +0.30 1.000 +0.0147 +0.0727
0.840 move +0.0368 +0.0000 +0.0081 -0.0183 +0.47 1.000 +0.0149 +0.0775
0.860 move +0.0384 +0.0000 +0.0101 -0.0180 +0.57 0.999 +0.0148 +0.0796
0.880 move +0.0400 +0.0000 +0.0120 -0.0174 +0.62 0.998 +0.0144 +0.0690
0.900 move +0.0416 +0.0000 +0.0137 -0.0164 +0.69 0.997 +0.0138 +0.0732
0.920 move +0.0432 +0.0000 +0.0156 -0.0151 +0.62 0.996 +0.0124 +0.0976
0.940 move +0.0448 +0.0000 +0.0178 -0.0133 +0.33 0.996 +0.0107 +0.1228
0.960 move +0.0464 +0.0000 +0.0200 -0.0113 +0.01 0.997 +0.0456 +0.1156
0.980 move +0.0480 +0.0000 +0.0218 -0.0091 -0.10 0.997 +0.0467 +0.0707
1.000 move +0.0496 +0.0000 +0.0231 -0.0069 -0.05 0.996 +0.0464 +0.0501
1.020 move +0.0512 +0.0000 +0.0240 -0.0049 +0.05 0.996 +0.0463 +0.0367
1.040 move +0.0528 +0.0000 +0.0245 -0.0030 +0.13 0.996 +0.0465 +0.0247
1.060 move +0.0544 +0.0000 +0.0247 -0.0013 +0.27 0.996 +0.0471 +0.0062
1.080 move +0.0560 +0.0000 +0.0243 +0.0003 +0.58 0.996 -0.0032 -0.0454
1.100 move +0.0560 +0.0000 +0.0232 +0.0018 +0.75 0.995 -0.0020 -0.0653
1.120 move +0.0560 +0.0000 +0.0220 +0.0033 +0.63 0.995 -0.0009 -0.0643
1.140 move +0.0560 +0.0000 +0.0208 +0.0046 +0.43 0.995 +0.0002 -0.0572
1.160 move +0.0560 +0.0000 +0.0197 +0.0058 +0.26 0.995 +0.0012 -0.0474
1.180 move +0.0560 +0.0000 +0.0186 +0.0070 +0.14 0.996 +0.0023 -0.0364
1.200 move +0.0560 +0.0000 +0.0177 +0.0082 +0.08 0.997 +0.0033 -0.0243
1.220 move +0.0560 +0.0000 +0.0171 +0.0095 +0.04 0.998 +0.0044 -0.0109
1.240 move +0.0560 +0.0000 +0.0167 +0.0107 +0.02 0.999 +0.0055 +0.0033
1.260 move +0.0560 +0.0000 +0.0167 +0.0121 +0.01 0.999 +0.0067 +0.0173
1.280 move +0.0560 +0.0000 +0.0170 +0.0135 +0.01 1.000 +0.0079 +0.0302
1.300 move +0.0560 +0.0000 +0.0177 +0.0148 +0.01 1.000 +0.0092 +0.0391
1.320 move +0.0560 +0.0000 +0.0187 +0.0158 -0.06 1.000 +0.0102 +0.0425
1.340 move +0.0560 +0.0000 +0.0201 +0.0165 -0.19 1.000 +0.0108 +0.0707
1.360 move +0.0560 +0.0000 +0.0219 +0.0170 -0.19 0.999 +0.0112 +0.0937
1.380 move +0.0560 +0.0000 +0.0238 +0.0170 -0.05 0.999 +0.0114 +0.0966
1.400 move +0.0560 +0.0000 +0.0257 +0.0164 +0.08 0.999 +0.0111 +0.0848
1.420 move +0.0560 +0.0000 +0.0274 +0.0152 +0.12 0.999 +0.0102 +0.0749
1.440 move +0.0560 +0.0000 +0.0289 +0.0134 +0.14 0.999 +0.0518 +0.0637
1.460 move +0.0560 +0.0000 +0.0301 +0.0113 +0.08 0.998 +0.0519 +0.0452
1.480 move +0.0560 +0.0000 +0.0310 +0.0092 -0.05 0.998 +0.0520 +0.0438
1.500 move +0.0560 +0.0000 +0.0319 +0.0072 -0.13 0.998 +0.0521 +0.0430
1.520 move +0.0560 +0.0000 +0.0325 +0.0053 -0.14 0.998 +0.0524 +0.0359
1.540 move +0.0560 +0.0000 +0.0330 +0.0035 -0.21 0.998 +0.0530 +0.0244
1.560 move +0.0560 +0.0000 +0.0331 +0.0019 -0.28 0.998 +0.0538 +0.0042
1.580 move +0.0560 +0.0000 +0.0326 +0.0003 -0.37 0.998 +0.0003 -0.0385
1.600 move +0.0560 +0.0000 +0.0311 -0.0013 -0.50 0.998 +0.0016 -0.0796
1.620 move +0.0560 +0.0000 +0.0292 -0.0029 -0.44 0.998 +0.0028 -0.0917
1.640 move +0.0560 +0.0000 +0.0272 -0.0044 -0.31 0.998 +0.0041 -0.0926
1.660 move +0.0560 +0.0000 +0.0252 -0.0060 -0.18 0.998 +0.0054 -0.0852
1.680 move +0.0560 +0.0000 +0.0234 -0.0075 -0.11 0.999 +0.0067 -0.0696
1.700 move +0.0560 +0.0000 +0.0220 -0.0092 -0.09 0.999 +0.0082 -0.0536
1.720 move +0.0560 +0.0000 +0.0210 -0.0111 +0.01 0.999 +0.0099 -0.0255
1.740 move +0.0560 +0.0000 +0.0208 -0.0128 +0.17 0.999 +0.0117 +0.0098
1.760 move +0.0560 +0.0000 +0.0213 -0.0143 +0.28 0.999 +0.0131 +0.0425
1.780 move +0.0560 +0.0000 +0.0225 -0.0154 +0.31 1.000 +0.0142 +0.0654
1.800 move +0.0560 +0.0000 +0.0240 -0.0161 +0.38 1.000 +0.0150 +0.0572
1.820 move +0.0560 +0.0000 +0.0258 -0.0165 +0.59 1.000 +0.0155 +0.0568
1.840 move +0.0560 +0.0000 +0.0277 -0.0167 +0.85 1.000 +0.0158 +0.0708
1.860 move +0.0560 +0.0000 +0.0297 -0.0166 +1.01 0.999 +0.0159 +0.0812
1.880 move +0.0560 +0.0000 +0.0317 -0.0162 +1.08 0.998 +0.0157 +0.0680
1.900 move +0.0560 +0.0000 +0.0333 -0.0155 +1.12 0.996 +0.0153 +0.0543
1.920 move +0.0560 +0.0000 +0.0346 -0.0147 +1.14 0.995 +0.0148 +0.0504
1.940 move +0.0560 +0.0000 +0.0363 -0.0134 +1.06 0.994 +0.0134 +0.1007
1.960 move +0.0560 +0.0000 +0.0385 -0.0116 +0.76 0.994 +0.0116 +0.1495
1.980 move +0.0560 +0.0000 +0.0411 -0.0099 +0.50 0.995 +0.0471 +0.1380
2.000 move +0.0560 +0.0000 +0.0435 -0.0083 +0.52 0.995 +0.0473 +0.1117
2.020 move +0.0560 +0.0000 +0.0455 -0.0068 +0.79 0.994 +0.0465 +0.0978
2.040 move +0.0560 +0.0000 +0.0473 -0.0055 +1.29 0.993 -0.0113 +0.0621
2.060 move +0.0560 +0.0000 +0.0482 -0.0044 +2.00 0.992 -0.0102 +0.0057
2.080 move +0.0560 +0.0000 +0.0483 -0.0037 +2.68 0.990 -0.0093 -0.0249
2.100 move +0.0560 +0.0000 +0.0480 -0.0031 +2.91 0.988 -0.0089 -0.0279
2.120 move +0.0560 +0.0000 +0.0475 -0.0028 +2.87 0.988 -0.0087 -0.0365
2.140 move +0.0560 +0.0000 +0.0466 -0.0027 +2.78 0.987 -0.0087 -0.0426
2.160 move +0.0560 +0.0000 +0.0456 -0.0029 +2.69 0.988 -0.0089 -0.0432
2.180 move +0.0560 +0.0000 +0.0445 -0.0033 +2.60 0.989 -0.0092 -0.0374
2.200 move +0.0560 +0.0000 +0.0434 -0.0038 +2.53 0.989 -0.0096 -0.0272
2.220 move +0.0560 +0.0000 +0.0426 -0.0046 +2.46 0.990 -0.0102 -0.0156
2.240 move +0.0560 +0.0000 +0.0420 -0.0056 +2.41 0.991 -0.0110 -0.0038
2.260 move +0.0560 +0.0000 +0.0418 -0.0068 +2.36 0.991 -0.0119 +0.0082
2.280 move +0.0560 +0.0000 +0.0419 -0.0082 +2.33 0.991 -0.0130 +0.0205
2.300 move +0.0560 +0.0000 +0.0423 -0.0099 +2.30 0.990 -0.0144 +0.0328
2.320 move +0.0560 +0.0000 +0.0431 -0.0119 +2.29 0.990 -0.0160 +0.0446
2.340 move +0.0560 +0.0000 +0.0442 -0.0142 +2.29 0.990 +0.0518 +0.0529
2.360 move +0.0560 +0.0000 +0.0454 -0.0166 +2.09 0.989 +0.0511 +0.0316
2.380 move +0.0560 +0.0000 +0.0462 -0.0184 +1.83 0.990 +0.0504 +0.0133
2.400 move +0.0560 +0.0000 +0.0466 -0.0195 +1.47 0.990 +0.0509 +0.0002
2.420 move +0.0560 +0.0000 +0.0465 -0.0199 +0.88 0.992 +0.0199 -0.0196
2.440 move +0.0560 +0.0000 +0.0459 -0.0197 +0.39 0.993 +0.0535 -0.0454
2.460 move +0.0560 +0.0000 +0.0447 -0.0189 +0.19 0.995 +0.0188 -0.0608
2.480 move +0.0560 +0.0000 +0.0430 -0.0175 +0.10 0.996 +0.0175 -0.0802
2.500 move +0.0560 +0.0000 +0.0410 -0.0157 +0.10 0.998 +0.0159 -0.0938
2.520 move +0.0560 +0.0000 +0.0387 -0.0137 +0.13 0.999 +0.0140 -0.0973
2.540 move +0.0560 +0.0000 +0.0364 -0.0116 +0.10 1.000 +0.0121 -0.0996
2.560 move +0.0560 +0.0000 +0.0339 -0.0097 +0.10 1.000 +0.0103 -0.0999
2.580 move +0.0560 +0.0000 +0.0315 -0.0078 +0.09 1.000 +0.0087 -0.1024
2.600 move +0.0560 +0.0000 +0.0291 -0.0061 +0.08 0.999 +0.0072 -0.1021
2.620 move +0.0560 +0.0000 +0.0267 -0.0044 +0.07 0.998 +0.0057 -0.0955
2.640 move +0.0560 +0.0000 +0.0246 -0.0027 +0.08 0.997 +0.0043 -0.0816
2.660 move +0.0560 +0.0000 +0.0229 -0.0011 +0.10 0.996 +0.0029 -0.0639
2.680 move +0.0560 +0.0000 +0.0216 +0.0006 +0.15 0.995 +0.0015 -0.0400
2.700 move +0.0560 +0.0000 +0.0210 +0.0023 +0.23 0.994 +0.0001 -0.0141
2.720 move +0.0560 +0.0000 +0.0211 +0.0040 +0.31 0.993 -0.0013 +0.0163
2.740 move +0.0560 +0.0000 +0.0219 +0.0058 +0.42 0.993 -0.0026 +0.0527
2.760 move +0.0560 +0.0000 +0.0235 +0.0077 +0.60 0.992 -0.0040 +0.0744
2.780 move +0.0560 +0.0000 +0.0255 +0.0099 +0.83 0.993 -0.0056 +0.0820
2.800 move +0.0560 +0.0000 +0.0279 +0.0123 +1.07 0.993 -0.0074 +0.0915
2.820 move +0.0560 +0.0000 +0.0304 +0.0150 +1.24 0.994 -0.0094 +0.0991
2.840 move +0.0560 +0.0000 +0.0332 +0.0178 +1.27 0.994 -0.0116 +0.1185
2.860 move +0.0560 +0.0000 +0.0365 +0.0207 +1.15 0.994 +0.0532 +0.1430
2.880 move +0.0560 +0.0000 +0.0395 +0.0230 +1.75 0.993 +0.0502 +0.1162
2.900 move +0.0560 +0.0000 +0.0422 +0.0247 +3.08 0.992 +0.0148 +0.0815
2.920 move +0.0560 +0.0000 +0.0444 +0.0260 +4.42 0.990 +0.0395 +0.0710
2.940 move +0.0560 +0.0000 +0.0461 +0.0267 +5.65 0.989 +0.0358 +0.0648
2.960 move +0.0560 +0.0000 +0.0475 +0.0270 +6.90 0.988 +0.0171 +0.0471
2.980 move +0.0560 +0.0000 +0.0482 +0.0267 +7.95 0.987 +0.0170 +0.0113
3.000 move +0.0560 +0.0000 +0.0484 +0.0261 +8.52 0.986 +0.0165 -0.0185
3.020 move +0.0560 +0.0000 +0.0480 +0.0250 +8.75 0.985 +0.0156 -0.0421
3.040 move +0.0560 +0.0000 +0.0471 +0.0235 +8.80 0.985 +0.0145 -0.0588
3.060 move +0.0560 +0.0000 +0.0456 +0.0218 +8.80 0.986 +0.0131 -0.0809
3.080 move +0.0560 +0.0000 +0.0436 +0.0199 +8.83 0.987 +0.0117 -0.1058
3.100 move +0.0560 +0.0000 +0.0409 +0.0178 +8.90 0.989 +0.0102 -0.1301
3.120 move +0.0560 +0.0000 +0.0380 +0.0157 +8.93 0.992 +0.0087 -0.1396
3.140 move +0.0560 +0.0000 +0.0349 +0.0137 +8.93 0.993 +0.0075 -0.1425
3.160 move +0.0560 +0.0000 +0.0318 +0.0118 +8.88 0.995 +0.0063 -0.1339
3.180 move +0.0560 +0.0000 +0.0290 +0.0099 +8.80 0.996 +0.0052 -0.1145
3.200 move +0.0560 +0.0000 +0.0266 +0.0082 +8.72 0.997 +0.0041 -0.0882
3.220 move +0.0560 +0.0000 +0.0248 +0.0065 +8.65 0.998 +0.0030 -0.0597
3.240 move +0.0560 +0.0000 +0.0237 +0.0050 +8.61 0.998 +0.0019 -0.0316
3.260 move +0.0560 +0.0000 +0.0232 +0.0036 +8.59 0.998 +0.0008 -0.0045
3.280 move +0.0560 +0.0000 +0.0234 +0.0022 +8.59 0.997 -0.0003 +0.0138
3.300 move +0.0560 +0.0000 +0.0242 +0.0008 +8.59 0.998 -0.0015 +0.0428
3.320 move +0.0560 +0.0000 +0.0256 -0.0005 +8.56 0.997 -0.0027 +0.0718
3.340 move +0.0560 +0.0000 +0.0276 -0.0018 +8.58 0.997 -0.0039 +0.0908
3.360 move +0.0560 +0.0000 +0.0300 -0.0032 +8.68 0.997 -0.0052 +0.1037
3.380 move +0.0560 +0.0000 +0.0326 -0.0047 +8.71 0.998 +0.0581 +0.1086
3.400 move +0.0560 +0.0000 +0.0351 -0.0060 +8.60 0.998 +0.0577 +0.0777
3.420 move +0.0560 +0.0000 +0.0369 -0.0073 +8.51 0.998 +0.0569 +0.0524
3.440 move +0.0560 +0.0000 +0.0381 -0.0083 +8.44 0.998 +0.0564 +0.0285
3.460 move +0.0560 +0.0000 +0.0386 -0.0091 +8.32 0.998 +0.0565 +0.0104
3.480 move +0.0560 +0.0000 +0.0386 -0.0098 +8.11 0.999 +0.0572 -0.0077
3.500 move +0.0560 +0.0000 +0.0380 -0.0102 +7.87 0.999 +0.0584 -0.0286
3.520 move +0.0560 +0.0000 +0.0370 -0.0106 +7.71 1.000 +0.0600 -0.0445
3.540 move +0.0560 +0.0000 +0.0355 -0.0109 +7.65 1.000 +0.0104 -0.0745
3.560 move +0.0560 +0.0000 +0.0335 -0.0113 +7.66 1.000 +0.0104 -0.0967
3.580 move +0.0560 +0.0000 +0.0312 -0.0117 +7.72 1.000 +0.0103 -0.1039
3.600 move +0.0560 +0.0000 +0.0288 -0.0122 +7.78 1.000 +0.0104 -0.1069
3.620 move +0.0560 +0.0000 +0.0264 -0.0127 +7.77 1.000 +0.0105 -0.1038
3.640 move +0.0560 +0.0000 +0.0242 -0.0134 +7.78 0.999 +0.0107 -0.0913
3.660 move +0.0560 +0.0000 +0.0223 -0.0140 +7.79 0.999 +0.0110 -0.0730
3.680 move +0.0560 +0.0000 +0.0209 -0.0145 +7.79 0.998 +0.0113 -0.0487
3.700 move +0.0560 +0.0000 +0.0201 -0.0148 +7.78 0.998 +0.0116 -0.0202
3.720 move +0.0560 +0.0000 +0.0201 -0.0151 +7.93 0.997 +0.0120 +0.0159
3.740 move +0.0560 +0.0000 +0.0209 -0.0150 +8.15 0.997 +0.0123 +0.0537
3.760 move +0.0560 +0.0000 +0.0225 -0.0147 +8.31 0.997 +0.0124 +0.0886
3.780 move +0.0560 +0.0000 +0.0247 -0.0140 +8.38 0.998 +0.0122 +0.1089
3.800 move +0.0560 +0.0000 +0.0273 -0.0130 +8.50 0.999 +0.0119 +0.1070
3.820 move +0.0560 +0.0000 +0.0300 -0.0120 +8.72 1.000 +0.0115 +0.1127
3.840 move +0.0560 +0.0000 +0.0329 -0.0109 +8.93 1.000 +0.0111 +0.1161
3.860 move +0.0560 +0.0000 +0.0358 -0.0099 +9.06 1.000 +0.0108 +0.1132
3.880 move +0.0560 +0.0000 +0.0383 -0.0089 +9.15 0.999 +0.0105 +0.0971
3.900 move +0.0560 +0.0000 +0.0406 -0.0080 +9.21 0.998 +0.0102 +0.0828
3.920 move +0.0560 +0.0000 +0.0424 -0.0072 +9.22 0.996 +0.0100 +0.0697
3.940 move +0.0560 +0.0000 +0.0443 -0.0062 +9.18 0.995 +0.0092 +0.1085
3.960 move +0.0560 +0.0000 +0.0465 -0.0049 +8.91 0.995 +0.0475 +0.1333
3.980 move +0.0560 +0.0000 +0.0487 -0.0037 +8.82 0.995 +0.0446 +0.1094
4.000 move +0.0560 +0.0000 +0.0507 -0.0026 +9.19 0.994 +0.0414 +0.0965
4.020 move +0.0560 +0.0000 +0.0520 -0.0018 +10.02 0.992 +0.0395 +0.0332
4.040 move +0.0560 +0.0000 +0.0528 -0.0012 +10.82 0.990 +0.0384 +0.0119
4.060 move +0.0560 +0.0000 +0.0530 -0.0010 +11.68 0.988 -0.0092 -0.0156
4.080 move +0.0560 +0.0000 +0.0525 -0.0012 +12.54 0.986 -0.0091 -0.0438
4.100 move +0.0560 +0.0000 +0.0515 -0.0016 +13.18 0.984 -0.0091 -0.0562
4.120 move +0.0560 +0.0000 +0.0504 -0.0023 +13.34 0.984 -0.0096 -0.0596
4.140 move +0.0560 +0.0000 +0.0493 -0.0033 +13.31 0.983 -0.0102 -0.0628
4.160 move +0.0560 +0.0000 +0.0480 -0.0045 +13.22 0.984 -0.0111 -0.0600
4.180 move +0.0560 +0.0000 +0.0469 -0.0060 +13.13 0.985 -0.0121 -0.0500
4.200 move +0.0560 +0.0000 +0.0459 -0.0076 +13.04 0.985 -0.0133 -0.0349
4.220 move +0.0560 +0.0000 +0.0454 -0.0095 +12.97 0.986 -0.0147 -0.0182
4.240 move +0.0560 +0.0000 +0.0452 -0.0116 +12.92 0.986 -0.0163 -0.0015
4.260 move +0.0560 +0.0000 +0.0456 -0.0139 +12.89 0.985 -0.0182 +0.0150
4.280 move +0.0560 +0.0000 +0.0464 -0.0164 +12.87 0.984 -0.0204 +0.0312
4.300 move +0.0560 +0.0000 +0.0477 -0.0193 +12.87 0.983 -0.0229 +0.0468
4.320 move +0.0560 +0.0000 +0.0496 -0.0225 +12.90 0.981 -0.0257 +0.0612
4.340 move +0.0560 +0.0000 +0.0516 -0.0260 +12.81 0.979 +0.0456 +0.0354
4.360 move +0.0560 +0.0000 +0.0531 -0.0290 +12.49 0.978 +0.0448 +0.0040
4.380 move +0.0560 +0.0000 +0.0539 -0.0313 +12.03 0.978 +0.0295 -0.0239
4.400 move +0.0560 +0.0000 +0.0540 -0.0331 +11.61 0.978 +0.0306 -0.0485
4.420 move +0.0560 +0.0000 +0.0535 -0.0344 +11.39 0.979 +0.0314 -0.0598
4.440 move +0.0560 +0.0000 +0.0523 -0.0350 +11.38 0.981 +0.0315 -0.0695
4.460 move +0.0560 +0.0000 +0.0507 -0.0351 +11.33 0.983 +0.0311 -0.0755
4.480 move +0.0560 +0.0000 +0.0487 -0.0345 +11.23 0.986 +0.0301 -0.0833
4.500 move +0.0560 +0.0000 +0.0463 -0.0332 +11.10 0.989 +0.0285 -0.0898
4.520 move +0.0560 +0.0000 +0.0437 -0.0311 +10.97 0.992 +0.0263 -0.0942
4.540 move +0.0560 +0.0000 +0.0406 -0.0285 +10.86 0.995 +0.0235 -0.1045
4.560 move +0.0560 +0.0000 +0.0373 -0.0255 +10.76 0.997 +0.0204 -0.1137
4.580 move +0.0560 +0.0000 +0.0339 -0.0224 +10.69 0.999 +0.0172 -0.1127
4.600 move +0.0560 +0.0000 +0.0306 -0.0194 +10.63 1.000 +0.0141 -0.1129
4.620 move +0.0560 +0.0000 +0.0273 -0.0166 +10.56 1.000 +0.0112 -0.1104
4.640 move +0.0560 +0.0000 +0.0241 -0.0139 +10.45 0.999 +0.0084 -0.1025
4.660 move +0.0560 +0.0000 +0.0213 -0.0112 +10.35 0.998 +0.0057 -0.0889
4.680 move +0.0560 +0.0000 +0.0188 -0.0085 +10.31 0.997 +0.0031 -0.0695
4.700 move +0.0560 +0.0000 +0.0169 -0.0056 +10.36 0.995 +0.0006 -0.0451
4.720 move +0.0560 +0.0000 +0.0157 -0.0027 +10.57 0.993 -0.0018 -0.0125
4.740 move +0.0560 +0.0000 +0.0153 +0.0005 +10.87 0.991 -0.0042 +0.0229
4.760 move +0.0560 +0.0000 +0.0155 +0.0039 +11.10 0.990 -0.0069 +0.0482
4.780 move +0.0560 +0.0000 +0.0162 +0.0079 +11.27 0.989 -0.0098 +0.0544
4.800 move +0.0560 +0.0000 +0.0171 +0.0122 +11.46 0.989 -0.0130 +0.0633
4.820 move +0.0560 +0.0000 +0.0182 +0.0169 +11.62 0.988 -0.0165 +0.0724
4.840 move +0.0560 +0.0000 +0.0193 +0.0220 +11.68 0.988 +0.0497 +0.0771
4.860 move +0.0560 +0.0000 +0.0204 +0.0270 +11.67 0.986 +0.0461 +0.0629
4.880 move +0.0560 +0.0000 +0.0213 +0.0316 +11.59 0.984 +0.0428 +0.0508
4.900 move +0.0560 +0.0000 +0.0221 +0.0358 +11.42 0.982 +0.0398 +0.0427
4.920 move +0.0560 +0.0000 +0.0228 +0.0396 +11.19 0.980 +0.0371 +0.0364
4.940 move +0.0560 +0.0000 +0.0234 +0.0431 +10.94 0.977 +0.0347 +0.0366
4.960 move +0.0560 +0.0000 +0.0241 +0.0462 +10.74 0.975 +0.0326 +0.0481
4.980 move +0.0560 +0.0000 +0.0251 +0.0490 +10.63 0.974 +0.0308 +0.0631
5.000 move +0.0560 +0.0000 +0.0265 +0.0514 +10.55 0.972 +0.0294 +0.0779
5.020 move +0.0560 +0.0000 +0.0283 +0.0534 +10.47 0.971 +0.0283 +0.0959
5.040 move +0.0560 +0.0000 +0.0305 +0.0550 +10.36 0.969 +0.0276 +0.1144
5.060 move +0.0560 +0.0000 +0.0329 +0.0556 +10.29 0.964 +0.0194 +0.0912
5.080 move +0.0560 +0.0000 +0.0351 +0.0554 +11.29 0.959 +0.0191 +0.0769
5.100 move +0.0560 +0.0000 +0.0372 +0.0546 +13.75 0.955 +0.0205 +0.0624
5.120 move +0.0560 +0.0000 +0.0389 +0.0533 +15.99 0.953 +0.0220 +0.0201
5.140 move +0.0560 +0.0000 +0.0404 +0.0513 +17.48 0.953 +0.0230 +0.0021
5.160 move +0.0560 +0.0000 +0.0419 +0.0489 +18.34 0.956 +0.0234 +0.0094
5.180 move +0.0560 +0.0000 +0.0433 +0.0461 +18.80 0.959 +0.0235 +0.0229
5.200 move +0.0560 +0.0000 +0.0447 +0.0430 +19.05 0.963 +0.0234 +0.0319
5.220 move +0.0560 +0.0000 +0.0460 +0.0393 +19.21 0.967 +0.0234 +0.0314
5.240 move +0.0560 +0.0000 +0.0470 +0.0353 +19.36 0.970 +0.0235 +0.0152
5.260 move +0.0560 +0.0000 +0.0478 +0.0308 +19.49 0.974 +0.0238 -0.0066
5.280 move +0.0560 +0.0000 +0.0483 +0.0260 +19.62 0.977 +0.0207 -0.0301
5.300 move +0.0560 +0.0000 +0.0484 +0.0208 +19.78 0.980 +0.0166 -0.0546
5.320 move +0.0560 +0.0000 +0.0480 +0.0153 +19.97 0.983 +0.0125 -0.0799
5.340 move +0.0560 +0.0000 +0.0472 +0.0094 +20.22 0.986 +0.0083 -0.1223
5.360 move +0.0560 +0.0000 +0.0461 +0.0035 +20.25 0.988 +0.0310 -0.1434
5.380 move +0.0560 +0.0000 +0.0449 -0.0022 +20.19 0.989 +0.0336 -0.1504
5.400 move +0.0560 +0.0000 +0.0435 -0.0075 +20.21 0.991 +0.0361 -0.1474
5.420 move +0.0560 +0.0000 +0.0420 -0.0124 +20.24 0.992 +0.0387 -0.1405
5.440 move +0.0560 +0.0000 +0.0403 -0.0168 +20.27 0.994 +0.0412 -0.1359
5.460 move +0.0560 +0.0000 +0.0386 -0.0203 +20.52 0.995 +0.0432 -0.1173
5.480 move +0.0560 +0.0000 +0.0369 -0.0231 +20.65 0.995 +0.0146 -0.1113
5.500 move +0.0560 +0.0000 +0.0349 -0.0254 +20.44 0.996 +0.0158 -0.1285
5.520 move +0.0560 +0.0000 +0.0327 -0.0267 +20.48 0.996 +0.0163 -0.1180
5.540 move +0.0560 +0.0000 +0.0304 -0.0271 +20.55 0.997 +0.0160 -0.1036
5.560 move +0.0560 +0.0000 +0.0278 -0.0265 +20.60 0.997 +0.0149 -0.0938
5.580 move +0.0560 +0.0000 +0.0252 -0.0255 +20.56 0.998 +0.0131 -0.0846
5.600 move +0.0560 +0.0000 +0.0227 -0.0244 +20.47 0.999 +0.0115 -0.0854
5.620 move +0.0560 +0.0000 +0.0201 -0.0235 +20.41 0.999 +0.0100 -0.0837
5.640 move +0.0560 +0.0000 +0.0177 -0.0226 +20.36 0.999 +0.0086 -0.0795
5.660 move +0.0560 +0.0000 +0.0154 -0.0218 +20.27 0.999 +0.0072 -0.0755
5.680 move +0.0560 +0.0000 +0.0134 -0.0211 +20.20 0.998 +0.0062 -0.0671
5.700 move +0.0560 +0.0000 +0.0118 -0.0203 +20.34 0.998 +0.0054 -0.0430
5.720 move +0.0560 +0.0000 +0.0107 -0.0193 +20.54 0.997 +0.0045 -0.0146
5.740 move +0.0560 +0.0000 +0.0101 -0.0181 +20.69 0.996 +0.0036 +0.0115
5.760 move +0.0560 +0.0000 +0.0099 -0.0168 +20.76 0.996 +0.0025 +0.0332
5.780 move +0.0560 +0.0000 +0.0100 -0.0152 +20.78 0.996 +0.0015 +0.0245
5.800 move +0.0560 +0.0000 +0.0101 -0.0134 +20.90 0.996 +0.0003 +0.0209
5.820 move +0.0560 +0.0000 +0.0104 -0.0114 +21.08 0.997 -0.0009 +0.0246
5.840 move +0.0560 +0.0000 +0.0107 -0.0094 +21.23 0.997 -0.0022 +0.0262
5.860 move +0.0560 +0.0000 +0.0110 -0.0073 +21.30 0.997 -0.0036 +0.0260
5.880 move +0.0560 +0.0000 +0.0113 -0.0052 +21.30 0.997 -0.0050 +0.0258
5.900 move +0.0560 +0.0000 +0.0116 -0.0030 +21.24 0.996 -0.0065 +0.0297
5.920 move +0.0560 +0.0000 +0.0119 -0.0007 +21.19 0.995 +0.0503 +0.0332
5.940 move +0.0560 +0.0000 +0.0122 +0.0016 +21.15 0.994 +0.0488 +0.0356
5.960 move +0.0560 +0.0000 +0.0125 +0.0038 +21.12 0.993 +0.0474 +0.0420
5.980 move +0.0560 +0.0000 +0.0130 +0.0059 +20.92 0.992 +0.0458 +0.0467
6.000 move +0.0560 +0.0000 +0.0137 +0.0073 +20.42 0.991 +0.0441 +0.0447
6.020 move +0.0560 +0.0000 +0.0146 +0.0078 +20.07 0.990 +0.0163 +0.0241
6.040 move +0.0560 +0.0000 +0.0153 +0.0077 +20.75 0.988 +0.0158 -0.0050
6.060 move +0.0560 +0.0000 +0.0154 +0.0071 +21.16 0.986 +0.0153 -0.0395
6.080 move +0.0560 +0.0000 +0.0151 +0.0062 +21.16 0.984 +0.0147 -0.0524
6.100 move +0.0560 +0.0000 +0.0144 +0.0050 +20.98 0.983 +0.0139 -0.0618
6.120 move +0.0560 +0.0000 +0.0133 +0.0037 +20.79 0.983 +0.0131 -0.0732
6.140 move +0.0560 +0.0000 +0.0116 +0.0020 +20.62 0.984 +0.0121 -0.0904
6.160 move +0.0560 +0.0000 +0.0094 +0.0001 +20.62 0.986 +0.0112 -0.1126
6.180 move +0.0560 +0.0000 +0.0067 -0.0020 +20.65 0.989 +0.0104 -0.1258
6.200 move +0.0560 +0.0000 +0.0041 -0.0039 +20.62 0.993 +0.0097 -0.1087
6.220 move +0.0560 +0.0000 +0.0018 -0.0056 +20.57 0.995 +0.0091 -0.0917
6.240 move +0.0560 +0.0000 -0.0002 -0.0071 +20.54 0.997 +0.0086 -0.0740
6.260 move +0.0560 +0.0000 -0.0017 -0.0083 +20.54 0.998 +0.0082 -0.0544
6.280 move +0.0560 +0.0000 -0.0027 -0.0093 +20.54 0.999 +0.0078 -0.0315
6.300 move +0.0560 +0.0000 -0.0032 -0.0101 +20.55 0.999 +0.0074 -0.0197
6.320 move +0.0560 +0.0000 -0.0029 -0.0109 +20.41 1.000 +0.0068 +0.0029
6.340 move +0.0560 +0.0000 -0.0021 -0.0113 +20.27 1.000 +0.0062 +0.0485
6.360 move +0.0560 +0.0000 -0.0006 -0.0115 +20.34 1.000 +0.0058 +0.0788
6.380 move +0.0560 +0.0000 +0.0012 -0.0115 +20.51 1.000 +0.0054 +0.0917
6.400 move +0.0560 +0.0000 +0.0033 -0.0118 +20.62 1.000 +0.0047 +0.0829
6.420 move +0.0560 +0.0000 +0.0055 -0.0124 +20.66 1.000 +0.0567 +0.0695
6.440 move +0.0560 +0.0000 +0.0072 -0.0132 +20.62 0.999 +0.0563 +0.0431
6.460 move +0.0560 +0.0000 +0.0085 -0.0141 +20.54 0.999 +0.0561 +0.0333
6.480 move +0.0560 +0.0000 +0.0095 -0.0151 +20.44 0.999 +0.0564 +0.0296
6.500 move +0.0560 +0.0000 +0.0102 -0.0162 +20.37 0.999 +0.0569 +0.0218
6.520 move +0.0560 +0.0000 +0.0107 -0.0172 +20.30 0.999 +0.0577 +0.0114
6.540 move +0.0560 +0.0000 +0.0110 -0.0184 +20.26 0.999 +0.0588 -0.0010
6.560 move +0.0560 +0.0000 +0.0109 -0.0196 +20.24 0.999 +0.0599 -0.0210
6.580 move +0.0560 +0.0000 +0.0102 -0.0210 +20.28 0.999 +0.0027 -0.0617
6.600 move +0.0560 +0.0000 +0.0089 -0.0227 +20.32 0.999 +0.0035 -0.0905
6.620 move +0.0560 +0.0000 +0.0073 -0.0245 +20.41 0.999 +0.0044 -0.1006
6.640 move +0.0560 +0.0000 +0.0055 -0.0264 +20.50 0.999 +0.0053 -0.1008
6.660 move +0.0560 +0.0000 +0.0038 -0.0282 +20.56 0.999 +0.0062 -0.0904
6.680 move +0.0560 +0.0000 +0.0024 -0.0301 +20.58 0.998 +0.0073 -0.0758
6.700 move +0.0560 +0.0000 +0.0014 -0.0319 +20.55 0.998 +0.0084 -0.0552
6.720 move +0.0560 +0.0000 +0.0010 -0.0335 +20.63 0.998 +0.0098 -0.0230
6.740 move +0.0560 +0.0000 +0.0013 -0.0348 +20.81 0.998 +0.0111 +0.0140
6.760 move +0.0560 +0.0000 +0.0022 -0.0355 +20.96 0.997 +0.0122 +0.0492
6.780 move +0.0560 +0.0000 +0.0037 -0.0357 +21.02 0.998 +0.0129 +0.0689
6.800 move +0.0560 +0.0000 +0.0057 -0.0352 +21.16 0.999 +0.0133 +0.0837
6.820 move +0.0560 +0.0000 +0.0081 -0.0345 +21.40 1.000 +0.0136 +0.0973
6.840 move +0.0560 +0.0000 +0.0107 -0.0335 +21.63 1.000 +0.0137 +0.1070
6.860 move +0.0560 +0.0000 +0.0133 -0.0323 +21.76 1.000 +0.0137 +0.1155
6.880 move +0.0560 +0.0000 +0.0156 -0.0310 +21.83 0.999 +0.0136 +0.0981
6.900 move +0.0560 +0.0000 +0.0176 -0.0297 +21.87 0.998 +0.0135 +0.0827
6.920 move +0.0560 +0.0000 +0.0198 -0.0281 +21.81 0.996 +0.0126 +0.1324
6.940 move +0.0560 +0.0000 +0.0221 -0.0259 +21.53 0.996 +0.0501 +0.1614
6.960 move +0.0560 +0.0000 +0.0241 -0.0235 +21.30 0.995 +0.0471 +0.1230
6.980 move +0.0560 +0.0000 +0.0259 -0.0213 +21.36 0.995 +0.0444 +0.1117
7.000 move +0.0560 +0.0000 +0.0275 -0.0193 +21.60 0.994 +0.0428 +0.1005
7.020 move +0.0560 +0.0000 +0.0288 -0.0176 +22.09 0.993 +0.0415 +0.0579
7.040 move +0.0560 +0.0000 +0.0294 -0.0164 +22.68 0.992 -0.0100 +0.0301
7.060 move +0.0560 +0.0000 +0.0296 -0.0156 +23.38 0.990 -0.0093 -0.0075
7.080 move +0.0560 +0.0000 +0.0291 -0.0153 +24.11 0.988 -0.0087 -0.0384
7.100 move +0.0560 +0.0000 +0.0283 -0.0153 +24.47 0.986 -0.0085 -0.0397
7.120 move +0.0560 +0.0000 +0.0277 -0.0156 +24.47 0.985 -0.0086 -0.0414
7.140 move +0.0560 +0.0000 +0.0270 -0.0161 +24.38 0.985 -0.0088 -0.0401
7.160 move +0.0560 +0.0000 +0.0264 -0.0168 +24.28 0.985 -0.0092 -0.0329
7.180 move +0.0560 +0.0000 +0.0260 -0.0177 +24.19 0.986 -0.0097 -0.0199
7.200 move +0.0560 +0.0000 +0.0258 -0.0186 +24.13 0.986 -0.0104 -0.0032
7.220 move +0.0560 +0.0000 +0.0261 -0.0197 +24.09 0.987 -0.0113 +0.0136
7.240 move +0.0560 +0.0000 +0.0267 -0.0208 +24.07 0.988 -0.0123 +0.0295
7.260 move +0.0560 +0.0000 +0.0278 -0.0220 +24.07 0.988 -0.0136 +0.0444
7.280 move +0.0560 +0.0000 +0.0294 -0.0233 +24.09 0.987 -0.0150 +0.0584
7.300 move +0.0560 +0.0000 +0.0314 -0.0247 +24.13 0.987 -0.0167 +0.0715
7.320 move +0.0560 +0.0000 +0.0339 -0.0264 +24.19 0.986 -0.0187 +0.0833
7.340 move +0.0560 +0.0000 +0.0366 -0.0282 +24.21 0.985 +0.0417 +0.0675
7.360 move +0.0560 +0.0000 +0.0387 -0.0298 +23.79 0.984 +0.0408 +0.0267
7.380 move +0.0560 +0.0000 +0.0400 -0.0310 +23.05 0.983 +0.0399 +0.0091
7.400 move +0.0560 +0.0000 +0.0405 -0.0317 +21.87 0.984 +0.0229 -0.0155
7.420 move +0.0560 +0.0000 +0.0401 -0.0319 +20.63 0.985 +0.0230 -0.0331
7.440 move +0.0560 +0.0000 +0.0390 -0.0315 +19.98 0.986 +0.0222 -0.0541
7.460 move +0.0560 +0.0000 +0.0372 -0.0307 +19.74 0.989 +0.0209 -0.0690
7.480 move +0.0560 +0.0000 +0.0348 -0.0295 +19.66 0.991 +0.0191 -0.0873
7.500 move +0.0560 +0.0000 +0.0318 -0.0280 +19.62 0.994 +0.0170 -0.1073
7.520 move +0.0560 +0.0000 +0.0283 -0.0265 +19.60 0.996 +0.0146 -0.1191
7.540 move +0.0560 +0.0000 +0.0247 -0.0250 +19.58 0.998 +0.0123 -0.1248
7.560 move +0.0560 +0.0000 +0.0209 -0.0236 +19.56 0.999 +0.0100 -0.1299
7.580 move +0.0560 +0.0000 +0.0170 -0.0224 +19.54 0.999 +0.0079 -0.1316
7.600 move +0.0560 +0.0000 +0.0132 -0.0212 +19.52 0.999 +0.0058 -0.1345
7.620 move +0.0560 +0.0000 +0.0094 -0.0200 +19.50 0.999 +0.0038 -0.1315
7.640 move +0.0560 +0.0000 +0.0058 -0.0188 +19.50 0.997 +0.0018 -0.1214
7.660 move +0.0560 +0.0000 +0.0024 -0.0175 +19.50 0.996 -0.0002 -0.1046
7.680 move +0.0560 +0.0000 -0.0005 -0.0159 +19.51 0.994 -0.0023 -0.0829
7.700 move +0.0560 +0.0000 -0.0029 -0.0141 +19.57 0.992 -0.0044 -0.0586
7.720 move +0.0560 +0.0000 -0.0047 -0.0119 +19.68 0.991 -0.0065 -0.0277
7.740 move +0.0560 +0.0000 -0.0058 -0.0093 +19.90 0.989 -0.0087 +0.0088
7.760 move +0.0560 +0.0000 -0.0063 -0.0063 +20.12 0.987 -0.0110 +0.0335
7.780 move +0.0560 +0.0000 -0.0065 -0.0027 +20.34 0.986 -0.0137 +0.0414
7.800 move +0.0560 +0.0000 -0.0065 +0.0015 +20.57 0.986 -0.0168 +0.0520
7.820 move +0.0560 +0.0000 -0.0064 +0.0061 +20.75 0.986 -0.0202 +0.0624
7.840 move +0.0560 +0.0000 -0.0061 +0.0110 +20.79 0.986 +0.0490 +0.0736
7.860 move +0.0560 +0.0000 -0.0061 +0.0152 +20.52 0.984 +0.0472 +0.0324
7.880 move +0.0560 +0.0000 -0.0063 +0.0184 +20.22 0.982 +0.0299 -0.0110
7.900 move +0.0560 +0.0000 -0.0068 +0.0209 +21.04 0.980 +0.0319 -0.0379
7.920 move +0.0560 +0.0000 -0.0076 +0.0226 +21.88 0.978 +0.0337 -0.0503
7.940 move +0.0560 +0.0000 -0.0087 +0.0237 +22.27 0.977 +0.0349 -0.0564
7.960 move +0.0560 +0.0000 -0.0099 +0.0241 +22.36 0.977 +0.0355 -0.0626
7.980 move +0.0560 +0.0000 -0.0115 +0.0238 +22.37 0.978 +0.0355 -0.0783
8.000 move +0.0560 +0.0000 -0.0133 +0.0226 +22.40 0.980 +0.0350 -0.1036
8.020 move +0.0560 +0.0000 -0.0156 +0.0205 +22.44 0.984 +0.0340 -0.1345
8.040 move +0.0560 +0.0000 -0.0181 +0.0175 +22.53 0.987 +0.0323 -0.1458
8.060 move +0.0560 +0.0000 -0.0205 +0.0137 +22.66 0.991 +0.0301 -0.1548
8.080 move +0.0560 +0.0000 -0.0227 +0.0093 +22.77 0.994 +0.0273 -0.1617
8.100 move +0.0560 +0.0000 -0.0249 +0.0044 +22.84 0.997 +0.0241 -0.1639
8.120 move +0.0560 +0.0000 -0.0269 -0.0006 +22.89 0.999 +0.0208 -0.1558
8.140 move +0.0560 +0.0000 -0.0286 -0.0054 +22.89 1.000 +0.0176 -0.1370
8.160 move +0.0560 +0.0000 -0.0299 -0.0099 +22.83 1.000 +0.0146 -0.1093
8.180 move +0.0560 +0.0000 -0.0306 -0.0140 +22.72 0.999 +0.0116 -0.0740
8.200 move +0.0560 +0.0000 -0.0306 -0.0177 +22.62 0.998 +0.0088 -0.0348
8.220 move +0.0560 +0.0000 -0.0298 -0.0210 +22.55 0.997 +0.0060 +0.0037
8.240 move +0.0560 +0.0000 -0.0282 -0.0239 +22.50 0.996 +0.0033 +0.0403
8.260 move +0.0560 +0.0000 -0.0259 -0.0266 +22.47 0.995 +0.0006 +0.0723
8.280 move +0.0560 +0.0000 -0.0228 -0.0289 +22.46 0.995 -0.0022 +0.0912
8.300 move +0.0560 +0.0000 -0.0189 -0.0311 +22.40 0.995 -0.0052 +0.1383
8.320 move +0.0560 +0.0000 -0.0142 -0.0330 +22.36 0.994 -0.0081 +0.1706
8.340 move +0.0560 +0.0000 -0.0091 -0.0349 +22.43 0.994 -0.0110 +0.1860
8.360 move +0.0560 +0.0000 -0.0038 -0.0369 +22.47 0.993 +0.0577 +0.1717
8.380 move +0.0560 +0.0000 +0.0008 -0.0385 +22.29 0.993 +0.0559 +0.1339
