Day-1 steer log
Hiwonder GaitManager wSin schedule into the same 50 Hz position servos. Not the open-loop CPG. No root wrench. Row GM100, period 1.000 s, dsp 0.20, x 0.020 m, z 0.020 m, y_swap 0.020 m, pelvis 0 deg, stance hip cap 0.070 rad, z_hold=False. Swing sole median 0.001 m, p90 0.007 m, swing contact 0.302, stance slip 0.0062 m/s, sat_rate 0.000, lifts 12, missed gates 0, rear_unload_frac 1.00, rear_share_min 0.00, CoP margin before lift 0.000 m, CoP x before lift 0.000 m. Measured Δx=+0.016 m, mean body vx=+0.001 m/s (not the command). Turn-window Δyaw=+0.00 deg (mean yaw rate +0.000 rad/s). tip=False; min_up_z=0.969; peak leg torque=2.38 Nm (limit 2.45). Plant is the #43 thaw only: legs ±2.45 Nm, foot box 135×76 mm, md5 17dc4ff37491c8e61900fd83b5d31f0c. No further plant edit. Vendor look is about 2 cm, a 300–600 ms step, forward progress, no skate, upright, arms not frozen. An upright march or a shuffle that misses that period is a Prefer FAIL.
fault=False reason=-
t mode applied_vx applied_yaw_rate x y yaw_deg up_z margin body_vx
0.000 stand +0.0000 +0.0000 +0.0002 -0.0000 -0.00 1.000 +0.0591 +0.0138
0.020 stand +0.0000 +0.0000 +0.0006 -0.0000 +0.00 1.000 +0.0588 +0.0149
0.040 stand +0.0000 +0.0000 +0.0009 -0.0000 +0.00 1.000 +0.0585 +0.0145
0.060 stand +0.0000 +0.0000 +0.0013 -0.0000 +0.00 1.000 +0.0582 +0.0141
0.080 stand +0.0000 +0.0000 +0.0016 -0.0000 +0.00 1.000 +0.0579 +0.0131
0.100 stand +0.0000 +0.0000 +0.0019 -0.0000 +0.00 1.000 +0.0577 +0.0115
0.120 stand +0.0000 +0.0000 +0.0021 -0.0000 +0.00 1.000 +0.0575 +0.0094
0.140 stand +0.0000 +0.0000 +0.0023 -0.0000 +0.00 1.000 +0.0573 +0.0070
0.160 stand +0.0000 +0.0000 +0.0025 -0.0000 +0.00 1.000 +0.0572 +0.0045
0.180 stand +0.0000 +0.0000 +0.0025 -0.0000 +0.00 1.000 +0.0572 +0.0022
0.200 stand +0.0000 +0.0000 +0.0025 -0.0000 +0.00 1.000 +0.0572 +0.0001
0.220 stand +0.0000 +0.0000 +0.0025 -0.0000 +0.00 1.000 +0.0572 -0.0016
0.240 stand +0.0000 +0.0000 +0.0025 -0.0000 +0.00 1.000 +0.0572 -0.0028
0.260 stand +0.0000 +0.0000 +0.0024 -0.0000 +0.00 1.000 +0.0573 -0.0036
0.280 stand +0.0000 +0.0000 +0.0023 -0.0001 +0.00 1.000 +0.0574 -0.0038
0.300 stand +0.0000 +0.0000 +0.0022 -0.0001 +0.00 1.000 +0.0574 -0.0037
0.320 stand +0.0000 +0.0000 +0.0021 -0.0001 +0.00 1.000 +0.0575 -0.0033
0.340 stand +0.0000 +0.0000 +0.0020 -0.0001 +0.00 1.000 +0.0576 -0.0027
0.360 stand +0.0000 +0.0000 +0.0020 -0.0001 +0.00 1.000 +0.0576 -0.0020
0.380 stand +0.0000 +0.0000 +0.0019 -0.0001 +0.00 1.000 +0.0576 -0.0013
0.400 stand +0.0000 +0.0000 +0.0019 -0.0001 +0.00 1.000 +0.0577 -0.0006
0.420 stand +0.0000 +0.0000 +0.0019 -0.0002 +0.00 1.000 +0.0577 +0.0001
0.440 stand +0.0000 +0.0000 +0.0019 -0.0002 +0.00 1.000 +0.0576 +0.0005
0.460 stand +0.0000 +0.0000 +0.0020 -0.0002 +0.00 1.000 +0.0576 +0.0009
0.480 stand +0.0000 +0.0000 +0.0020 -0.0002 +0.00 1.000 +0.0576 +0.0011
0.500 stand +0.0000 +0.0000 +0.0020 -0.0003 +0.00 1.000 +0.0576 +0.0011
0.520 stand +0.0000 +0.0000 +0.0020 -0.0003 +0.00 1.000 +0.0576 +0.0011
0.540 stand +0.0000 +0.0000 +0.0021 -0.0003 +0.00 1.000 +0.0575 +0.0010
0.560 stand +0.0000 +0.0000 +0.0021 -0.0004 +0.00 1.000 +0.0575 +0.0007
0.580 stand +0.0000 +0.0000 +0.0021 -0.0004 +0.00 1.000 +0.0575 +0.0005
0.600 move +0.0016 +0.0000 +0.0021 -0.0005 -0.07 1.000 +0.0576 +0.0043
0.620 move +0.0032 +0.0000 +0.0023 -0.0006 -0.13 1.000 +0.0581 +0.0056
0.640 move +0.0048 +0.0000 +0.0024 -0.0009 -0.29 1.000 +0.0588 +0.0023
0.660 move +0.0064 +0.0000 +0.0024 -0.0013 -0.32 1.000 +0.0596 -0.0029
0.680 move +0.0080 +0.0000 +0.0022 -0.0018 -0.38 1.000 +0.0605 -0.0052
0.700 move +0.0096 +0.0000 +0.0020 -0.0023 -0.46 1.000 +0.0614 -0.0036
0.720 move +0.0112 +0.0000 +0.0018 -0.0029 -0.61 1.000 +0.0623 -0.0046
0.740 move +0.0128 +0.0000 +0.0015 -0.0036 -0.72 0.999 +0.0632 -0.0072
0.760 move +0.0144 +0.0000 +0.0012 -0.0044 -0.79 0.999 +0.0641 -0.0124
0.780 move +0.0160 +0.0000 +0.0007 -0.0052 -0.76 0.999 +0.0649 -0.0223
0.800 move +0.0176 +0.0000 +0.0000 -0.0060 -0.68 0.999 +0.0657 -0.0261
0.820 move +0.0192 +0.0000 -0.0006 -0.0068 -0.55 0.999 +0.0663 -0.0239
0.840 move +0.0208 +0.0000 -0.0011 -0.0077 -0.39 0.998 +0.0051 -0.0127
0.860 move +0.0224 +0.0000 -0.0012 -0.0085 -0.23 0.998 +0.0057 +0.0083
0.880 move +0.0240 +0.0000 -0.0007 -0.0094 -0.10 0.998 +0.0065 +0.0361
0.900 move +0.0256 +0.0000 +0.0004 -0.0104 -0.02 0.999 +0.0073 +0.0685
0.920 move +0.0272 +0.0000 +0.0022 -0.0114 +0.02 0.999 +0.0081 +0.0995
0.940 move +0.0288 +0.0000 +0.0047 -0.0124 +0.05 0.999 +0.0090 +0.1271
0.960 move +0.0304 +0.0000 +0.0078 -0.0133 +0.05 1.000 +0.0098 +0.1477
0.980 move +0.0320 +0.0000 +0.0112 -0.0141 +0.05 1.000 +0.0105 +0.1512
1.000 move +0.0336 +0.0000 +0.0148 -0.0148 +0.05 1.000 +0.0112 +0.1548
1.020 move +0.0352 +0.0000 +0.0185 -0.0152 +0.03 1.000 +0.0116 +0.1552
1.040 move +0.0368 +0.0000 +0.0220 -0.0154 +0.04 0.999 +0.0119 +0.1490
1.060 move +0.0384 +0.0000 +0.0254 -0.0151 -0.01 0.998 +0.0118 +0.1455
1.080 move +0.0400 +0.0000 +0.0283 -0.0144 -0.06 0.997 +0.0438 +0.1130
1.100 move +0.0416 +0.0000 +0.0304 -0.0134 -0.05 0.996 +0.0423 +0.0728
1.120 move +0.0432 +0.0000 +0.0317 -0.0120 +0.05 0.995 +0.0414 +0.0385
1.140 move +0.0448 +0.0000 +0.0323 -0.0105 +0.19 0.994 +0.0412 +0.0083
1.160 move +0.0464 +0.0000 +0.0322 -0.0090 +0.38 0.994 +0.0415 -0.0082
1.180 move +0.0480 +0.0000 +0.0316 -0.0076 +0.60 0.994 +0.0425 -0.0343
1.200 move +0.0496 +0.0000 +0.0302 -0.0063 +0.85 0.995 -0.0057 -0.0727
1.220 move +0.0512 +0.0000 +0.0279 -0.0052 +1.19 0.995 +0.0460 -0.1119
1.240 move +0.0528 +0.0000 +0.0253 -0.0042 +1.27 0.995 -0.0041 -0.1272
1.260 move +0.0544 +0.0000 +0.0225 -0.0033 +1.16 0.995 -0.0034 -0.1368
1.280 move +0.0560 +0.0000 +0.0198 -0.0025 +0.96 0.995 -0.0029 -0.1279
1.300 move +0.0560 +0.0000 +0.0171 -0.0018 +0.74 0.995 -0.0024 -0.1061
1.320 move +0.0560 +0.0000 +0.0149 -0.0012 +0.55 0.996 -0.0019 -0.0771
1.340 move +0.0560 +0.0000 +0.0130 -0.0007 +0.43 0.997 -0.0015 -0.0473
1.360 move +0.0560 +0.0000 +0.0118 -0.0002 +0.37 0.997 -0.0012 -0.0185
1.380 move +0.0560 +0.0000 +0.0111 +0.0002 +0.35 0.997 -0.0009 +0.0085
1.400 move +0.0560 +0.0000 +0.0111 +0.0005 +0.34 0.996 -0.0006 +0.0368
1.420 move +0.0560 +0.0000 +0.0119 +0.0007 +0.33 0.996 -0.0004 +0.0633
1.440 move +0.0560 +0.0000 +0.0133 +0.0009 +0.31 0.996 -0.0002 +0.0915
1.460 move +0.0560 +0.0000 +0.0154 +0.0010 +0.32 0.996 -0.0000 +0.1057
1.480 move +0.0560 +0.0000 +0.0177 +0.0011 +0.34 0.996 +0.0001 +0.1068
1.500 move +0.0560 +0.0000 +0.0204 +0.0012 +0.27 0.997 +0.0626 +0.1127
1.520 move +0.0560 +0.0000 +0.0233 +0.0013 +0.16 0.998 +0.0623 +0.1145
1.540 move +0.0560 +0.0000 +0.0258 +0.0016 -0.00 0.999 +0.0608 +0.0903
1.560 move +0.0560 +0.0000 +0.0281 +0.0021 -0.09 0.999 +0.0592 +0.0944
1.580 move +0.0560 +0.0000 +0.0302 +0.0027 -0.04 1.000 +0.0577 +0.0832
1.600 move +0.0560 +0.0000 +0.0318 +0.0032 -0.02 1.000 +0.0565 +0.0587
1.620 move +0.0560 +0.0000 +0.0328 +0.0038 -0.04 0.999 +0.0558 +0.0285
1.640 move +0.0560 +0.0000 +0.0331 +0.0045 -0.07 0.999 +0.0557 -0.0009
1.660 move +0.0560 +0.0000 +0.0329 +0.0051 -0.14 0.998 +0.0560 -0.0066
1.680 move +0.0560 +0.0000 +0.0326 +0.0058 -0.30 0.998 +0.0565 -0.0082
1.700 move +0.0560 +0.0000 +0.0321 +0.0064 -0.48 0.997 +0.0572 -0.0174
1.720 move +0.0560 +0.0000 +0.0315 +0.0070 -0.64 0.997 +0.0579 -0.0270
1.740 move +0.0560 +0.0000 +0.0306 +0.0076 -0.75 0.996 +0.0587 -0.0338
1.760 move +0.0560 +0.0000 +0.0296 +0.0082 -0.84 0.995 +0.0595 -0.0389
1.780 move +0.0560 +0.0000 +0.0286 +0.0087 -0.92 0.994 +0.0602 -0.0404
1.800 move +0.0560 +0.0000 +0.0274 +0.0094 -0.96 0.992 +0.0608 -0.0565
1.820 move +0.0560 +0.0000 +0.0261 +0.0101 -0.92 0.991 +0.0614 -0.0661
1.840 move +0.0560 +0.0000 +0.0249 +0.0111 -0.70 0.990 +0.0619 -0.0464
1.860 move +0.0560 +0.0000 +0.0244 +0.0123 -0.37 0.989 -0.0128 +0.0013
1.880 move +0.0560 +0.0000 +0.0248 +0.0137 -0.13 0.988 +0.0617 +0.0366
1.900 move +0.0560 +0.0000 +0.0258 +0.0152 +0.15 0.986 +0.0606 +0.0573
1.920 move +0.0560 +0.0000 +0.0272 +0.0170 +0.37 0.985 +0.0590 +0.0779
1.940 move +0.0560 +0.0000 +0.0292 +0.0189 +0.53 0.984 +0.0571 +0.0970
1.960 move +0.0560 +0.0000 +0.0315 +0.0211 +0.67 0.983 +0.0548 +0.1117
1.980 move +0.0560 +0.0000 +0.0340 +0.0233 +0.84 0.982 +0.0523 +0.1083
2.000 move +0.0560 +0.0000 +0.0364 +0.0254 +1.04 0.982 +0.0499 +0.0967
2.020 move +0.0560 +0.0000 +0.0386 +0.0272 +1.18 0.982 +0.0476 +0.0810
2.040 move +0.0560 +0.0000 +0.0404 +0.0287 +1.26 0.982 +0.0455 +0.0650
2.060 move +0.0560 +0.0000 +0.0419 +0.0299 +1.48 0.982 +0.0436 +0.0445
2.080 move +0.0560 +0.0000 +0.0427 +0.0305 +2.33 0.983 +0.0414 +0.0143
2.100 move +0.0560 +0.0000 +0.0429 +0.0305 +3.81 0.984 +0.0397 -0.0066
2.120 move +0.0560 +0.0000 +0.0426 +0.0297 +5.67 0.985 +0.0404 -0.0222
2.140 move +0.0560 +0.0000 +0.0421 +0.0282 +6.79 0.987 +0.0419 -0.0375
2.160 move +0.0560 +0.0000 +0.0415 +0.0260 +7.37 0.990 +0.0225 -0.0475
2.180 move +0.0560 +0.0000 +0.0405 +0.0233 +7.65 0.992 +0.0200 -0.0759
2.200 move +0.0560 +0.0000 +0.0394 +0.0200 +7.67 0.993 +0.0173 -0.0921
2.220 move +0.0560 +0.0000 +0.0381 +0.0165 +7.58 0.994 +0.0144 -0.0910
2.240 move +0.0560 +0.0000 +0.0370 +0.0130 +7.50 0.995 +0.0115 -0.0782
2.260 move +0.0560 +0.0000 +0.0359 +0.0097 +7.50 0.995 +0.0088 -0.0709
2.280 move +0.0560 +0.0000 +0.0348 +0.0065 +7.53 0.995 +0.0061 -0.0786
2.300 move +0.0560 +0.0000 +0.0334 +0.0033 +7.52 0.995 +0.0035 -0.0884
2.320 move +0.0560 +0.0000 +0.0319 +0.0000 +7.50 0.994 +0.0010 -0.0814
2.340 move +0.0560 +0.0000 +0.0305 -0.0032 +7.45 0.994 -0.0016 -0.0503
2.360 move +0.0560 +0.0000 +0.0295 -0.0065 +7.40 0.994 -0.0042 -0.0252
2.380 move +0.0560 +0.0000 +0.0290 -0.0098 +7.39 0.993 -0.0070 -0.0071
2.400 move +0.0560 +0.0000 +0.0290 -0.0133 +7.36 0.992 -0.0099 +0.0157
2.420 move +0.0560 +0.0000 +0.0296 -0.0169 +7.29 0.990 -0.0129 +0.0426
2.440 move +0.0560 +0.0000 +0.0310 -0.0207 +7.10 0.988 +0.0547 +0.0658
2.460 move +0.0560 +0.0000 +0.0331 -0.0246 +6.78 0.985 +0.0532 +0.0858
2.480 move +0.0560 +0.0000 +0.0355 -0.0284 +6.35 0.983 +0.0512 +0.0712
2.500 move +0.0560 +0.0000 +0.0376 -0.0318 +5.84 0.982 +0.0493 +0.0592
2.520 move +0.0560 +0.0000 +0.0395 -0.0348 +5.10 0.981 +0.0474 +0.0561
2.540 move +0.0560 +0.0000 +0.0410 -0.0372 +4.29 0.980 +0.0451 +0.0264
2.560 move +0.0560 +0.0000 +0.0420 -0.0390 +3.87 0.979 +0.0278 +0.0039
2.580 move +0.0560 +0.0000 +0.0425 -0.0400 +3.70 0.980 +0.0282 -0.0104
2.600 move +0.0560 +0.0000 +0.0427 -0.0403 +3.69 0.981 +0.0281 -0.0197
2.620 move +0.0560 +0.0000 +0.0425 -0.0399 +3.73 0.982 +0.0274 -0.0236
2.640 move +0.0560 +0.0000 +0.0421 -0.0386 +3.75 0.984 +0.0262 -0.0282
2.660 move +0.0560 +0.0000 +0.0414 -0.0367 +3.62 0.987 +0.0243 -0.0299
2.680 move +0.0560 +0.0000 +0.0405 -0.0339 +3.43 0.989 +0.0218 -0.0406
2.700 move +0.0560 +0.0000 +0.0391 -0.0307 +3.28 0.991 +0.0189 -0.0621
2.720 move +0.0560 +0.0000 +0.0373 -0.0272 +3.16 0.993 +0.0157 -0.0760
2.740 move +0.0560 +0.0000 +0.0353 -0.0238 +3.06 0.995 +0.0126 -0.0828
2.760 move +0.0560 +0.0000 +0.0331 -0.0205 +2.98 0.996 +0.0096 -0.0910
2.780 move +0.0560 +0.0000 +0.0305 -0.0173 +2.93 0.996 +0.0067 -0.1104
2.800 move +0.0560 +0.0000 +0.0274 -0.0142 +2.94 0.996 +0.0040 -0.1379
2.820 move +0.0560 +0.0000 +0.0240 -0.0110 +3.01 0.996 +0.0012 -0.1471
2.840 move +0.0560 +0.0000 +0.0208 -0.0078 +3.15 0.996 -0.0016 -0.1199
2.860 move +0.0560 +0.0000 +0.0181 -0.0045 +3.28 0.995 -0.0046 -0.0807
2.880 move +0.0560 +0.0000 +0.0162 -0.0011 +3.32 0.993 -0.0075 -0.0516
2.900 move +0.0560 +0.0000 +0.0148 +0.0025 +3.39 0.991 -0.0106 -0.0256
2.920 move +0.0560 +0.0000 +0.0141 +0.0065 +3.48 0.988 -0.0139 +0.0016
2.940 move +0.0560 +0.0000 +0.0140 +0.0108 +3.58 0.985 -0.0175 +0.0289
2.960 move +0.0560 +0.0000 +0.0145 +0.0155 +3.67 0.982 -0.0214 +0.0556
2.980 move +0.0560 +0.0000 +0.0155 +0.0207 +3.76 0.979 +0.0520 +0.0708
3.000 move +0.0560 +0.0000 +0.0167 +0.0257 +4.03 0.976 +0.0480 +0.0606
3.020 move +0.0560 +0.0000 +0.0178 +0.0303 +4.31 0.973 +0.0444 +0.0558
3.040 move +0.0560 +0.0000 +0.0189 +0.0346 +4.62 0.971 +0.0412 +0.0474
3.060 move +0.0560 +0.0000 +0.0196 +0.0385 +5.13 0.970 +0.0376 +0.0234
3.080 move +0.0560 +0.0000 +0.0199 +0.0416 +5.41 0.969 +0.0359 -0.0072
3.100 move +0.0560 +0.0000 +0.0200 +0.0442 +5.32 0.969 +0.0342 -0.0259
3.120 move +0.0560 +0.0000 +0.0198 +0.0461 +5.11 0.969 +0.0329 -0.0392
3.140 move +0.0560 +0.0000 +0.0195 +0.0475 +4.88 0.969 +0.0319 -0.0425
3.160 move +0.0560 +0.0000 +0.0191 +0.0484 +4.73 0.970 +0.0314 -0.0357
3.180 move +0.0560 +0.0000 +0.0186 +0.0487 +4.69 0.970 +0.0313 -0.0373
3.200 move +0.0560 +0.0000 +0.0180 +0.0485 +4.69 0.972 +0.0316 -0.0427
3.220 move +0.0560 +0.0000 +0.0173 +0.0477 +4.69 0.974 +0.0323 -0.0475
3.240 move +0.0560 +0.0000 +0.0166 +0.0464 +4.71 0.975 +0.0335 -0.0484
3.260 move +0.0560 +0.0000 +0.0158 +0.0445 +4.75 0.978 +0.0352 -0.0510
3.280 move +0.0560 +0.0000 +0.0148 +0.0420 +4.81 0.980 +0.0373 -0.0604
3.300 move +0.0560 +0.0000 +0.0135 +0.0389 +4.89 0.983 +0.0358 -0.0717
3.320 move +0.0560 +0.0000 +0.0120 +0.0351 +5.08 0.987 +0.0327 -0.0742
3.340 move +0.0560 +0.0000 +0.0103 +0.0307 +5.34 0.991 +0.0291 -0.0691
3.360 move +0.0560 +0.0000 +0.0086 +0.0261 +5.57 0.995 +0.0253 -0.0674
3.380 move +0.0560 +0.0000 +0.0069 +0.0212 +5.75 0.998 +0.0213 -0.0573
3.400 move +0.0560 +0.0000 +0.0056 +0.0165 +5.85 1.000 +0.0175 -0.0392
3.420 move +0.0560 +0.0000 +0.0048 +0.0119 +5.88 1.000 +0.0138 -0.0306
3.440 move +0.0560 +0.0000 +0.0046 +0.0074 +5.76 1.000 +0.0102 -0.0071
3.460 move +0.0560 +0.0000 +0.0052 +0.0031 +5.66 0.999 +0.0065 +0.0327
3.480 move +0.0560 +0.0000 +0.0066 -0.0010 +5.60 0.999 +0.0030 +0.0736
3.500 move +0.0560 +0.0000 +0.0086 -0.0050 +5.62 0.998 -0.0003 +0.0917
3.520 move +0.0560 +0.0000 +0.0109 -0.0089 +5.58 0.997 +0.0547 +0.0869
3.540 move +0.0560 +0.0000 +0.0136 -0.0127 +5.35 0.997 +0.0525 +0.0930
3.560 move +0.0560 +0.0000 +0.0162 -0.0161 +5.13 0.996 +0.0513 +0.0847
3.580 move +0.0560 +0.0000 +0.0185 -0.0188 +4.95 0.996 +0.0503 +0.0713
3.600 move +0.0560 +0.0000 +0.0202 -0.0209 +4.79 0.995 +0.0497 +0.0469
3.620 move +0.0560 +0.0000 +0.0213 -0.0226 +4.58 0.995 +0.0495 +0.0189
3.640 move +0.0560 +0.0000 +0.0215 -0.0238 +4.26 0.995 +0.0499 -0.0154
3.660 move +0.0560 +0.0000 +0.0209 -0.0247 +3.85 0.996 +0.0150 -0.0512
3.680 move +0.0560 +0.0000 +0.0197 -0.0251 +3.72 0.996 +0.0151 -0.0676
3.700 move +0.0560 +0.0000 +0.0181 -0.0250 +3.70 0.997 +0.0148 -0.0831
3.720 move +0.0560 +0.0000 +0.0162 -0.0246 +3.76 0.998 +0.0142 -0.0892
3.740 move +0.0560 +0.0000 +0.0142 -0.0240 +3.77 0.998 +0.0135 -0.0935
3.760 move +0.0560 +0.0000 +0.0119 -0.0234 +3.74 0.999 +0.0127 -0.1026
3.780 move +0.0560 +0.0000 +0.0094 -0.0228 +3.71 0.999 +0.0120 -0.1145
3.800 move +0.0560 +0.0000 +0.0065 -0.0224 +3.70 1.000 +0.0114 -0.1342
3.820 move +0.0560 +0.0000 +0.0033 -0.0220 +3.75 1.000 +0.0108 -0.1388
3.840 move +0.0560 +0.0000 +0.0005 -0.0216 +3.92 1.000 +0.0104 -0.1045
3.860 move +0.0560 +0.0000 -0.0015 -0.0214 +4.05 1.000 +0.0100 -0.0582
3.880 move +0.0560 +0.0000 -0.0026 -0.0212 +4.07 0.999 +0.0098 -0.0202
3.900 move +0.0560 +0.0000 -0.0028 -0.0209 +4.10 0.999 +0.0095 +0.0136
3.920 move +0.0560 +0.0000 -0.0023 -0.0204 +4.13 0.999 +0.0092 +0.0468
3.940 move +0.0560 +0.0000 -0.0010 -0.0199 +4.14 0.999 +0.0089 +0.0784
3.960 move +0.0560 +0.0000 +0.0009 -0.0193 +4.13 0.999 +0.0086 +0.1050
3.980 move +0.0560 +0.0000 +0.0035 -0.0186 +4.15 0.999 +0.0082 +0.1292
4.000 move +0.0560 +0.0000 +0.0067 -0.0179 +4.14 0.999 +0.0079 +0.1567
4.020 move +0.0560 +0.0000 +0.0104 -0.0171 +4.14 1.000 +0.0075 +0.1798
4.040 move +0.0560 +0.0000 +0.0145 -0.0162 +4.14 1.000 +0.0071 +0.1844
4.060 move +0.0560 +0.0000 +0.0186 -0.0153 +4.13 1.000 +0.0068 +0.1862
4.080 move +0.0560 +0.0000 +0.0226 -0.0143 +4.09 1.000 +0.0063 +0.1736
4.100 move +0.0560 +0.0000 +0.0261 -0.0130 +4.05 0.999 +0.0458 +0.1373
4.120 move +0.0560 +0.0000 +0.0288 -0.0117 +4.07 0.998 +0.0442 +0.0947
4.140 move +0.0560 +0.0000 +0.0307 -0.0103 +4.18 0.997 +0.0428 +0.0652
4.160 move +0.0560 +0.0000 +0.0320 -0.0090 +4.36 0.996 +0.0420 +0.0488
4.180 move +0.0560 +0.0000 +0.0327 -0.0079 +4.61 0.996 +0.0419 +0.0233
4.200 move +0.0560 +0.0000 +0.0326 -0.0069 +4.90 0.995 -0.0022 -0.0144
4.220 move +0.0560 +0.0000 +0.0316 -0.0061 +5.31 0.995 +0.0435 -0.0583
4.240 move +0.0560 +0.0000 +0.0300 -0.0054 +5.71 0.994 -0.0006 -0.0924
4.260 move +0.0560 +0.0000 +0.0279 -0.0048 +5.85 0.994 -0.0000 -0.1060
4.280 move +0.0560 +0.0000 +0.0258 -0.0042 +5.75 0.993 +0.0005 -0.1073
4.300 move +0.0560 +0.0000 +0.0235 -0.0036 +5.56 0.993 +0.0011 -0.1150
4.320 move +0.0560 +0.0000 +0.0210 -0.0031 +5.33 0.994 +0.0016 -0.1071
4.340 move +0.0560 +0.0000 +0.0187 -0.0026 +5.14 0.995 +0.0022 -0.0681
4.360 move +0.0560 +0.0000 +0.0169 -0.0021 +5.04 0.997 +0.0028 -0.0406
4.380 move +0.0560 +0.0000 +0.0155 -0.0015 +5.05 0.998 +0.0033 -0.0238
4.400 move +0.0560 +0.0000 +0.0146 -0.0009 +5.08 0.998 +0.0039 -0.0029
4.420 move +0.0560 +0.0000 +0.0142 -0.0002 +5.10 0.999 +0.0045 +0.0219
4.440 move +0.0560 +0.0000 +0.0145 +0.0005 +5.10 0.998 +0.0052 +0.0500
4.460 move +0.0560 +0.0000 +0.0154 +0.0014 +5.10 0.998 +0.0059 +0.0746
4.480 move +0.0560 +0.0000 +0.0169 +0.0023 +5.10 0.998 +0.0066 +0.0845
4.500 move +0.0560 +0.0000 +0.0188 +0.0032 +5.10 0.999 +0.0073 +0.0955
4.520 move +0.0560 +0.0000 +0.0211 +0.0040 +5.11 0.999 +0.0080 +0.1075
4.540 move +0.0560 +0.0000 +0.0237 +0.0047 +5.14 1.000 +0.0085 +0.1122
4.560 move +0.0560 +0.0000 +0.0265 +0.0051 +5.16 1.000 +0.0603 +0.1236
4.580 move +0.0560 +0.0000 +0.0292 +0.0052 +5.20 1.000 +0.0588 +0.1106
4.600 move +0.0560 +0.0000 +0.0314 +0.0049 +5.20 1.000 +0.0573 +0.0735
4.620 move +0.0560 +0.0000 +0.0328 +0.0044 +5.16 0.999 +0.0564 +0.0407
4.640 move +0.0560 +0.0000 +0.0335 +0.0038 +5.09 0.998 +0.0561 +0.0102
4.660 move +0.0560 +0.0000 +0.0337 +0.0030 +5.00 0.998 +0.0564 +0.0045
4.680 move +0.0560 +0.0000 +0.0336 +0.0024 +4.87 0.998 +0.0570 -0.0047
4.700 move +0.0560 +0.0000 +0.0331 +0.0018 +4.82 0.997 +0.0577 -0.0252
4.720 move +0.0560 +0.0000 +0.0322 +0.0014 +4.81 0.997 +0.0586 -0.0425
4.740 move +0.0560 +0.0000 +0.0309 +0.0011 +4.81 0.996 -0.0069 -0.0568
4.760 move +0.0560 +0.0000 +0.0292 +0.0009 +4.84 0.996 -0.0070 -0.0840
4.780 move +0.0560 +0.0000 +0.0271 +0.0009 +4.91 0.995 -0.0072 -0.0984
4.800 move +0.0560 +0.0000 +0.0247 +0.0010 +4.98 0.994 -0.0075 -0.1126
4.820 move +0.0560 +0.0000 +0.0221 +0.0012 +5.10 0.993 -0.0080 -0.1125
4.840 move +0.0560 +0.0000 +0.0199 +0.0018 +5.31 0.992 -0.0087 -0.0776
4.860 move +0.0560 +0.0000 +0.0185 +0.0026 +5.55 0.991 -0.0095 -0.0318
4.880 move +0.0560 +0.0000 +0.0180 +0.0037 +5.69 0.989 -0.0105 +0.0046
4.900 move +0.0560 +0.0000 +0.0181 +0.0052 +5.79 0.988 -0.0117 +0.0335
4.920 move +0.0560 +0.0000 +0.0189 +0.0069 +5.88 0.987 -0.0131 +0.0624
4.940 move +0.0560 +0.0000 +0.0203 +0.0091 +5.93 0.986 -0.0148 +0.0903
4.960 move +0.0560 +0.0000 +0.0222 +0.0116 +5.96 0.985 -0.0167 +0.1139
4.980 move +0.0560 +0.0000 +0.0247 +0.0145 +5.96 0.984 -0.0189 +0.1341
5.000 move +0.0560 +0.0000 +0.0275 +0.0176 +6.14 0.984 +0.0562 +0.1299
5.020 move +0.0560 +0.0000 +0.0301 +0.0205 +6.44 0.984 +0.0542 +0.1175
5.040 move +0.0560 +0.0000 +0.0326 +0.0230 +6.65 0.984 +0.0521 +0.1013
5.060 move +0.0560 +0.0000 +0.0346 +0.0251 +6.86 0.984 +0.0497 +0.0801
5.080 move +0.0560 +0.0000 +0.0362 +0.0265 +7.38 0.985 +0.0476 +0.0552
5.100 move +0.0560 +0.0000 +0.0371 +0.0272 +8.57 0.986 +0.0454 +0.0257
5.120 move +0.0560 +0.0000 +0.0376 +0.0271 +9.67 0.987 +0.0437 +0.0025
5.140 move +0.0560 +0.0000 +0.0378 +0.0263 +10.40 0.988 +0.0441 -0.0148
5.160 move +0.0560 +0.0000 +0.0378 +0.0248 +10.94 0.990 +0.0452 -0.0334
5.180 move +0.0560 +0.0000 +0.0374 +0.0226 +11.26 0.992 +0.0219 -0.0574
5.200 move +0.0560 +0.0000 +0.0368 +0.0197 +11.33 0.993 +0.0196 -0.0760
5.220 move +0.0560 +0.0000 +0.0359 +0.0164 +11.28 0.994 +0.0169 -0.0843
5.240 move +0.0560 +0.0000 +0.0350 +0.0130 +11.21 0.995 +0.0141 -0.0777
5.260 move +0.0560 +0.0000 +0.0342 +0.0097 +11.23 0.996 +0.0114 -0.0717
5.280 move +0.0560 +0.0000 +0.0332 +0.0065 +11.29 0.996 +0.0088 -0.0793
5.300 move +0.0560 +0.0000 +0.0319 +0.0033 +11.27 0.996 +0.0063 -0.0914
5.320 move +0.0560 +0.0000 +0.0305 +0.0002 +11.22 0.996 +0.0039 -0.0830
5.340 move +0.0560 +0.0000 +0.0293 -0.0029 +11.15 0.996 +0.0016 -0.0480
5.360 move +0.0560 +0.0000 +0.0286 -0.0059 +11.09 0.996 -0.0008 -0.0198
5.380 move +0.0560 +0.0000 +0.0284 -0.0089 +11.07 0.995 -0.0033 +0.0008
5.400 move +0.0560 +0.0000 +0.0287 -0.0119 +11.06 0.994 -0.0058 +0.0259
5.420 move +0.0560 +0.0000 +0.0298 -0.0149 +11.01 0.993 -0.0084 +0.0546
5.440 move +0.0560 +0.0000 +0.0316 -0.0181 +10.93 0.991 +0.0564 +0.0849
5.460 move +0.0560 +0.0000 +0.0342 -0.0212 +10.69 0.989 +0.0549 +0.1040
5.480 move +0.0560 +0.0000 +0.0373 -0.0244 +10.44 0.988 +0.0528 +0.1051
5.500 move +0.0560 +0.0000 +0.0403 -0.0272 +10.09 0.987 +0.0504 +0.0875
5.520 move +0.0560 +0.0000 +0.0429 -0.0296 +9.63 0.986 +0.0483 +0.0761
5.540 move +0.0560 +0.0000 +0.0452 -0.0315 +8.97 0.985 +0.0461 +0.0590
5.560 move +0.0560 +0.0000 +0.0467 -0.0330 +8.24 0.985 +0.0444 +0.0266
5.580 move +0.0560 +0.0000 +0.0476 -0.0338 +7.71 0.985 +0.0225 +0.0091
5.600 move +0.0560 +0.0000 +0.0480 -0.0338 +7.47 0.986 +0.0222 -0.0087
5.620 move +0.0560 +0.0000 +0.0479 -0.0330 +7.39 0.988 +0.0213 -0.0174
5.640 move +0.0560 +0.0000 +0.0474 -0.0315 +7.39 0.989 +0.0198 -0.0315
5.660 move +0.0560 +0.0000 +0.0464 -0.0294 +7.34 0.991 +0.0178 -0.0388
5.680 move +0.0560 +0.0000 +0.0450 -0.0270 +7.23 0.993 +0.0155 -0.0603
5.700 move +0.0560 +0.0000 +0.0432 -0.0243 +7.16 0.994 +0.0129 -0.0690
5.720 move +0.0560 +0.0000 +0.0413 -0.0217 +7.11 0.995 +0.0103 -0.0745
5.740 move +0.0560 +0.0000 +0.0392 -0.0192 +7.05 0.996 +0.0079 -0.0800
5.760 move +0.0560 +0.0000 +0.0369 -0.0168 +7.00 0.996 +0.0056 -0.0901
5.780 move +0.0560 +0.0000 +0.0342 -0.0144 +6.96 0.996 +0.0033 -0.1109
5.800 move +0.0560 +0.0000 +0.0310 -0.0122 +6.98 0.996 +0.0011 -0.1383
5.820 move +0.0560 +0.0000 +0.0274 -0.0099 +7.07 0.995 -0.0012 -0.1486
5.840 move +0.0560 +0.0000 +0.0240 -0.0075 +7.23 0.995 -0.0036 -0.1219
5.860 move +0.0560 +0.0000 +0.0211 -0.0049 +7.40 0.994 -0.0061 -0.0849
5.880 move +0.0560 +0.0000 +0.0189 -0.0022 +7.47 0.992 -0.0086 -0.0549
5.900 move +0.0560 +0.0000 +0.0173 +0.0009 +7.54 0.990 -0.0113 -0.0299
5.920 move +0.0560 +0.0000 +0.0162 +0.0043 +7.63 0.988 -0.0142 -0.0041
5.940 move +0.0560 +0.0000 +0.0157 +0.0081 +7.73 0.985 -0.0174 +0.0218
5.960 move +0.0560 +0.0000 +0.0157 +0.0124 +7.84 0.982 -0.0209 +0.0468
5.980 move +0.0560 +0.0000 +0.0163 +0.0171 +7.94 0.979 +0.0529 +0.0689
6.000 move +0.0560 +0.0000 +0.0171 +0.0218 +8.25 0.977 +0.0493 +0.0589
6.020 move +0.0560 +0.0000 +0.0179 +0.0262 +8.64 0.975 +0.0459 +0.0561
6.040 move +0.0560 +0.0000 +0.0187 +0.0303 +8.93 0.973 +0.0430 +0.0477
6.060 move +0.0560 +0.0000 +0.0192 +0.0339 +9.28 0.972 +0.0404 +0.0346
6.080 move +0.0560 +0.0000 +0.0195 +0.0368 +9.56 0.972 +0.0373 -0.0011
6.100 move +0.0560 +0.0000 +0.0195 +0.0390 +9.50 0.973 +0.0369 -0.0175
6.120 move +0.0560 +0.0000 +0.0193 +0.0406 +9.32 0.974 +0.0359 -0.0386
6.140 move +0.0560 +0.0000 +0.0190 +0.0415 +9.12 0.974 +0.0353 -0.0429
6.160 move +0.0560 +0.0000 +0.0186 +0.0419 +8.97 0.975 +0.0352 -0.0361
6.180 move +0.0560 +0.0000 +0.0182 +0.0417 +8.94 0.976 +0.0355 -0.0368
6.200 stand +0.0000 +0.0000 +0.0179 +0.0406 +8.86 0.977 +0.0364 -0.0252
6.220 stand +0.0000 +0.0000 +0.0179 +0.0386 +8.73 0.978 +0.0375 -0.0177
6.240 stand +0.0000 +0.0000 +0.0178 +0.0360 +8.81 0.980 +0.0354 -0.0188
6.260 stand +0.0000 +0.0000 +0.0175 +0.0329 +9.06 0.982 +0.0329 -0.0298
6.280 stand +0.0000 +0.0000 +0.0169 +0.0291 +9.37 0.985 +0.0298 -0.0442
6.300 stand +0.0000 +0.0000 +0.0161 +0.0246 +9.59 0.988 +0.0488 -0.0722
6.320 stand +0.0000 +0.0000 +0.0149 +0.0195 +9.61 0.991 +0.0503 -0.0903
6.340 stand +0.0000 +0.0000 +0.0136 +0.0140 +9.52 0.994 +0.0521 -0.1022
6.360 stand +0.0000 +0.0000 +0.0119 +0.0082 +9.41 0.996 +0.0542 -0.1139
6.380 stand +0.0000 +0.0000 +0.0101 +0.0023 +9.30 0.998 +0.0564 -0.1159
6.400 stand +0.0000 +0.0000 +0.0083 -0.0034 +9.19 1.000 +0.0586 -0.1109
6.420 stand +0.0000 +0.0000 +0.0068 -0.0090 +9.14 1.000 +0.0604 -0.0934
6.440 stand +0.0000 +0.0000 +0.0058 -0.0145 +9.14 1.000 +0.0617 -0.0691
6.460 stand +0.0000 +0.0000 +0.0053 -0.0198 +9.15 0.999 +0.0624 -0.0453
6.480 stand +0.0000 +0.0000 +0.0052 -0.0242 +9.16 0.998 +0.0627 -0.0261
6.500 stand +0.0000 +0.0000 +0.0054 -0.0277 +9.15 0.997 +0.0617 -0.0105
6.520 stand +0.0000 +0.0000 +0.0058 -0.0303 +9.13 0.996 +0.0596 +0.0023
6.540 stand +0.0000 +0.0000 +0.0063 -0.0320 +9.10 0.996 +0.0583 +0.0127
6.560 stand +0.0000 +0.0000 +0.0069 -0.0328 +9.06 0.995 +0.0576 +0.0212
6.580 stand +0.0000 +0.0000 +0.0075 -0.0326 +9.01 0.995 +0.0578 +0.0284
6.600 stand +0.0000 +0.0000 +0.0082 -0.0316 +8.94 0.996 +0.0586 +0.0347
6.620 stand +0.0000 +0.0000 +0.0088 -0.0298 +8.87 0.997 +0.0597 +0.0384
6.640 stand +0.0000 +0.0000 +0.0093 -0.0274 +8.83 0.997 +0.0589 +0.0366
6.660 stand +0.0000 +0.0000 +0.0097 -0.0247 +8.81 0.998 +0.0582 +0.0292
6.680 stand +0.0000 +0.0000 +0.0099 -0.0219 +8.80 0.999 +0.0578 +0.0201
6.700 stand +0.0000 +0.0000 +0.0098 -0.0191 +8.78 0.999 +0.0575 +0.0125
6.720 stand +0.0000 +0.0000 +0.0096 -0.0165 +8.77 0.999 +0.0573 +0.0065
6.740 stand +0.0000 +0.0000 +0.0093 -0.0140 +8.76 1.000 +0.0573 +0.0010
6.760 stand +0.0000 +0.0000 +0.0088 -0.0116 +8.76 1.000 +0.0573 -0.0036
6.780 stand +0.0000 +0.0000 +0.0083 -0.0093 +8.75 1.000 +0.0574 -0.0069
6.800 stand +0.0000 +0.0000 +0.0078 -0.0069 +8.75 1.000 +0.0576 -0.0089
6.820 stand +0.0000 +0.0000 +0.0072 -0.0046 +8.74 1.000 +0.0577 -0.0099
6.840 stand +0.0000 +0.0000 +0.0066 -0.0024 +8.73 0.999 +0.0579 -0.0095
6.860 stand +0.0000 +0.0000 +0.0061 -0.0007 +8.72 0.999 +0.0581 -0.0084
6.880 stand +0.0000 +0.0000 +0.0057 +0.0006 +8.71 0.999 +0.0582 -0.0068
6.900 stand +0.0000 +0.0000 +0.0055 +0.0014 +8.71 0.999 +0.0583 -0.0048
6.920 stand +0.0000 +0.0000 +0.0053 +0.0018 +8.70 0.999 +0.0584 -0.0028
6.940 stand +0.0000 +0.0000 +0.0053 +0.0017 +8.70 0.999 +0.0584 -0.0009
6.960 stand +0.0000 +0.0000 +0.0054 +0.0013 +8.70 0.999 +0.0583 +0.0006
6.980 stand +0.0000 +0.0000 +0.0055 +0.0006 +8.70 0.999 +0.0583 +0.0016
7.000 stand +0.0000 +0.0000 +0.0057 -0.0003 +8.70 0.999 +0.0582 +0.0023
7.020 stand +0.0000 +0.0000 +0.0059 -0.0013 +8.71 0.999 +0.0582 +0.0027
7.040 stand +0.0000 +0.0000 +0.0061 -0.0024 +8.71 0.999 +0.0581 +0.0030
7.060 stand +0.0000 +0.0000 +0.0064 -0.0034 +8.72 1.000 +0.0580 +0.0032
7.080 stand +0.0000 +0.0000 +0.0066 -0.0043 +8.72 1.000 +0.0580 +0.0034
7.100 stand +0.0000 +0.0000 +0.0068 -0.0052 +8.73 1.000 +0.0579 +0.0034
7.120 stand +0.0000 +0.0000 +0.0070 -0.0060 +8.73 1.000 +0.0578 +0.0032
7.140 stand +0.0000 +0.0000 +0.0072 -0.0067 +8.73 1.000 +0.0577 +0.0027
7.160 stand +0.0000 +0.0000 +0.0073 -0.0074 +8.73 1.000 +0.0577 +0.0021
7.180 stand +0.0000 +0.0000 +0.0075 -0.0080 +8.73 1.000 +0.0576 +0.0014
7.200 stand +0.0000 +0.0000 +0.0076 -0.0086 +8.73 1.000 +0.0576 +0.0008
7.220 stand +0.0000 +0.0000 +0.0077 -0.0092 +8.73 1.000 +0.0576 +0.0002
7.240 stand +0.0000 +0.0000 +0.0078 -0.0098 +8.74 1.000 +0.0576 -0.0003
7.260 stand +0.0000 +0.0000 +0.0078 -0.0104 +8.74 1.000 +0.0576 -0.0007
7.280 stand +0.0000 +0.0000 +0.0079 -0.0109 +8.74 1.000 +0.0576 -0.0009
7.300 stand +0.0000 +0.0000 +0.0080 -0.0115 +8.74 1.000 +0.0576 -0.0010
7.320 stand +0.0000 +0.0000 +0.0081 -0.0122 +8.74 1.000 +0.0576 -0.0010
7.340 stand +0.0000 +0.0000 +0.0081 -0.0128 +8.75 1.000 +0.0576 -0.0009
7.360 stand +0.0000 +0.0000 +0.0082 -0.0135 +8.75 1.000 +0.0577 -0.0008
7.380 stand +0.0000 +0.0000 +0.0083 -0.0142 +8.75 1.000 +0.0577 -0.0008
7.400 stand +0.0000 +0.0000 +0.0084 -0.0150 +8.75 1.000 +0.0577 -0.0014
7.420 stand +0.0000 +0.0000 +0.0085 -0.0157 +8.75 1.000 +0.0577 -0.0017
7.440 stand +0.0000 +0.0000 +0.0085 -0.0164 +8.76 1.000 +0.0577 -0.0017
7.460 stand +0.0000 +0.0000 +0.0086 -0.0170 +8.76 1.000 +0.0578 -0.0017
7.480 stand +0.0000 +0.0000 +0.0086 -0.0175 +8.76 0.999 +0.0578 -0.0017
7.500 stand +0.0000 +0.0000 +0.0087 -0.0179 +8.76 0.999 +0.0578 -0.0016
7.520 stand +0.0000 +0.0000 +0.0087 -0.0181 +8.76 0.999 +0.0578 -0.0013
7.540 stand +0.0000 +0.0000 +0.0086 -0.0183 +8.76 0.999 +0.0579 -0.0010
7.560 stand +0.0000 +0.0000 +0.0086 -0.0182 +8.75 0.999 +0.0579 -0.0007
7.580 stand +0.0000 +0.0000 +0.0086 -0.0181 +8.75 0.999 +0.0579 -0.0003
