Day-1 steer log
LIPM/ZMP schedule with a joint-space Bézier into the 50 Hz position servos. Not the open-loop CPG. No root wrench. Row LIPM03, clear command 0.020 m, arms=True. Swing sole median 0.011 m, p90 0.021 m, swing contact 0.033, stance slip 0.0025 m/s, sat_rate 0.000, lifts 3, missed gates 0, rear_unload_frac 0.97, rear_share_min 0.03, CoP margin before lift 0.017 m, CoP x before lift 0.022 m. Measured Δx=-0.019 m, mean body vx=-0.003 m/s (not the command). Turn-window Δyaw=+0.00 deg (mean yaw rate +0.000 rad/s). tip=False; min_up_z=0.994; peak leg torque=2.18 Nm (limit 2.45). Plant is the #43 thaw only: legs ±2.45 Nm, foot box 135×76 mm, md5 17dc4ff37491c8e61900fd83b5d31f0c. No further plant edit. Vendor look is about 2 cm, a 300–600 ms step, forward progress, no skate, upright, arms not frozen. An upright in-place march is a Prefer FAIL.
fault=False reason=-
t mode applied_vx applied_yaw_rate x y yaw_deg up_z margin body_vx
0.000 stand +0.0000 +0.0000 +0.0002 -0.0000 -0.00 1.000 +0.0591 +0.0138
0.020 stand +0.0000 +0.0000 +0.0006 -0.0000 +0.00 1.000 +0.0588 +0.0149
0.040 stand +0.0000 +0.0000 +0.0009 -0.0000 +0.00 1.000 +0.0585 +0.0145
0.060 stand +0.0000 +0.0000 +0.0013 -0.0000 +0.00 1.000 +0.0582 +0.0141
0.080 stand +0.0000 +0.0000 +0.0016 -0.0000 +0.00 1.000 +0.0579 +0.0131
0.100 stand +0.0000 +0.0000 +0.0019 -0.0000 +0.00 1.000 +0.0577 +0.0115
0.120 stand +0.0000 +0.0000 +0.0021 -0.0000 +0.00 1.000 +0.0575 +0.0094
0.140 stand +0.0000 +0.0000 +0.0023 -0.0000 +0.00 1.000 +0.0573 +0.0070
0.160 stand +0.0000 +0.0000 +0.0025 -0.0000 +0.00 1.000 +0.0572 +0.0045
0.180 stand +0.0000 +0.0000 +0.0025 -0.0000 +0.00 1.000 +0.0572 +0.0022
0.200 stand +0.0000 +0.0000 +0.0025 -0.0000 +0.00 1.000 +0.0572 +0.0001
0.220 stand +0.0000 +0.0000 +0.0025 -0.0000 +0.00 1.000 +0.0572 -0.0016
0.240 stand +0.0000 +0.0000 +0.0025 -0.0000 +0.00 1.000 +0.0572 -0.0028
0.260 stand +0.0000 +0.0000 +0.0024 -0.0000 +0.00 1.000 +0.0573 -0.0036
0.280 stand +0.0000 +0.0000 +0.0023 -0.0001 +0.00 1.000 +0.0574 -0.0038
0.300 stand +0.0000 +0.0000 +0.0022 -0.0001 +0.00 1.000 +0.0574 -0.0037
0.320 stand +0.0000 +0.0000 +0.0021 -0.0001 +0.00 1.000 +0.0575 -0.0033
0.340 stand +0.0000 +0.0000 +0.0020 -0.0001 +0.00 1.000 +0.0576 -0.0027
0.360 stand +0.0000 +0.0000 +0.0020 -0.0001 +0.00 1.000 +0.0576 -0.0020
0.380 stand +0.0000 +0.0000 +0.0019 -0.0001 +0.00 1.000 +0.0576 -0.0013
0.400 stand +0.0000 +0.0000 +0.0019 -0.0001 +0.00 1.000 +0.0577 -0.0006
0.420 stand +0.0000 +0.0000 +0.0019 -0.0002 +0.00 1.000 +0.0577 +0.0001
0.440 stand +0.0000 +0.0000 +0.0019 -0.0002 +0.00 1.000 +0.0576 +0.0005
0.460 stand +0.0000 +0.0000 +0.0020 -0.0002 +0.00 1.000 +0.0576 +0.0009
0.480 stand +0.0000 +0.0000 +0.0020 -0.0002 +0.00 1.000 +0.0576 +0.0011
0.500 stand +0.0000 +0.0000 +0.0020 -0.0003 +0.00 1.000 +0.0576 +0.0011
0.520 stand +0.0000 +0.0000 +0.0020 -0.0003 +0.00 1.000 +0.0576 +0.0011
0.540 stand +0.0000 +0.0000 +0.0021 -0.0003 +0.00 1.000 +0.0575 +0.0010
0.560 stand +0.0000 +0.0000 +0.0021 -0.0004 +0.00 1.000 +0.0575 +0.0007
0.580 stand +0.0000 +0.0000 +0.0021 -0.0004 +0.00 1.000 +0.0575 +0.0005
0.600 move +0.0016 +0.0000 +0.0021 -0.0004 +0.00 1.000 +0.0575 +0.0007
0.620 move +0.0032 +0.0000 +0.0021 -0.0003 +0.00 1.000 +0.0575 +0.0006
0.640 move +0.0048 +0.0000 +0.0021 -0.0002 +0.00 1.000 +0.0575 +0.0004
0.660 move +0.0064 +0.0000 +0.0021 -0.0001 +0.00 1.000 +0.0575 +0.0002
0.680 move +0.0080 +0.0000 +0.0021 +0.0001 +0.00 1.000 +0.0575 +0.0001
0.700 move +0.0096 +0.0000 +0.0021 +0.0002 -0.00 1.000 +0.0575 -0.0009
0.720 move +0.0112 +0.0000 +0.0021 +0.0005 -0.00 0.999 +0.0575 -0.0014
0.740 move +0.0128 +0.0000 +0.0021 +0.0009 -0.00 0.999 +0.0575 -0.0016
0.760 move +0.0144 +0.0000 +0.0020 +0.0015 -0.00 0.999 +0.0576 -0.0019
0.780 move +0.0160 +0.0000 +0.0020 +0.0022 -0.01 0.999 +0.0576 -0.0019
0.800 move +0.0176 +0.0000 +0.0019 +0.0032 -0.01 0.999 +0.0576 -0.0018
0.820 move +0.0192 +0.0000 +0.0019 +0.0044 -0.01 0.999 +0.0577 -0.0016
0.840 move +0.0208 +0.0000 +0.0019 +0.0057 -0.02 0.999 +0.0577 -0.0012
0.860 move +0.0224 +0.0000 +0.0018 +0.0071 -0.02 0.999 +0.0577 -0.0006
0.880 move +0.0240 +0.0000 +0.0018 +0.0088 -0.03 0.999 +0.0577 -0.0000
0.900 move +0.0256 +0.0000 +0.0018 +0.0105 -0.03 0.999 +0.0577 +0.0007
0.920 move +0.0272 +0.0000 +0.0019 +0.0123 -0.03 0.999 +0.0577 +0.0013
0.940 move +0.0288 +0.0000 +0.0019 +0.0143 -0.04 0.999 +0.0577 +0.0016
0.960 move +0.0304 +0.0000 +0.0020 +0.0165 -0.02 0.999 +0.0576 +0.0125
0.980 move +0.0320 +0.0000 +0.0023 +0.0188 -0.01 0.999 +0.0574 +0.0190
1.000 move +0.0336 +0.0000 +0.0025 +0.0213 -0.08 1.000 +0.0571 +0.0014
1.020 move +0.0352 +0.0000 +0.0026 +0.0238 -0.12 1.000 +0.0571 +0.0012
1.040 move +0.0368 +0.0000 +0.0031 +0.0262 -0.15 1.000 +0.0190 +0.0288
1.060 move +0.0384 +0.0000 +0.0035 +0.0283 -0.08 1.000 +0.0207 +0.0113
1.080 move +0.0400 +0.0000 +0.0041 +0.0302 -0.09 1.000 +0.0223 +0.0371
1.100 move +0.0416 +0.0000 +0.0045 +0.0319 -0.02 1.000 +0.0237 +0.0017
1.120 move +0.0432 +0.0000 +0.0051 +0.0333 -0.11 1.000 +0.0250 +0.0455
1.140 move +0.0448 +0.0000 +0.0057 +0.0345 -0.09 0.999 +0.0260 +0.0044
1.160 move +0.0464 +0.0000 +0.0065 +0.0355 -0.19 0.999 +0.0268 +0.0537
1.180 move +0.0480 +0.0000 +0.0073 +0.0361 -0.18 0.999 +0.0273 +0.0134
1.200 move +0.0496 +0.0000 +0.0083 +0.0365 -0.27 0.999 +0.0277 +0.0580
1.220 move +0.0512 +0.0000 +0.0091 +0.0367 -0.25 0.998 +0.0278 +0.0170
1.240 move +0.0528 +0.0000 +0.0101 +0.0365 -0.33 0.998 +0.0278 +0.0571
1.260 move +0.0544 +0.0000 +0.0109 +0.0362 -0.30 0.998 +0.0275 +0.0159
1.280 move +0.0560 +0.0000 +0.0118 +0.0356 -0.36 0.998 +0.0271 +0.0516
1.300 move +0.0560 +0.0000 +0.0125 +0.0349 -0.33 0.998 +0.0265 +0.0110
1.320 move +0.0560 +0.0000 +0.0132 +0.0340 -0.38 0.998 +0.0258 +0.0419
1.340 move +0.0560 +0.0000 +0.0136 +0.0331 -0.34 0.998 +0.0250 +0.0024
1.360 move +0.0560 +0.0000 +0.0140 +0.0320 -0.37 0.998 +0.0241 +0.0291
1.380 move +0.0560 +0.0000 +0.0142 +0.0309 -0.32 0.998 +0.0232 -0.0088
1.400 move +0.0560 +0.0000 +0.0143 +0.0298 -0.34 0.998 +0.0223 +0.0147
1.420 move +0.0560 +0.0000 +0.0141 +0.0287 -0.29 0.998 +0.0213 -0.0212
1.440 move +0.0560 +0.0000 +0.0139 +0.0276 -0.30 0.998 +0.0204 +0.0012
1.460 move +0.0560 +0.0000 +0.0135 +0.0265 -0.25 0.998 +0.0196 -0.0331
1.480 move +0.0560 +0.0000 +0.0129 +0.0256 -0.36 0.998 +0.0188 -0.0174
1.500 move +0.0560 +0.0000 +0.0122 +0.0248 -0.36 0.998 +0.0181 -0.0424
1.520 move +0.0560 +0.0000 +0.0115 +0.0241 -0.35 0.998 +0.0175 -0.0166
1.540 move +0.0560 +0.0000 +0.0106 +0.0235 -0.25 0.998 +0.0170 -0.0463
1.560 move +0.0560 +0.0000 +0.0098 +0.0230 -0.21 0.999 +0.0165 -0.0219
1.580 move +0.0560 +0.0000 +0.0088 +0.0226 -0.13 0.999 +0.0162 -0.0511
1.600 move +0.0560 +0.0000 +0.0080 +0.0224 -0.13 0.999 +0.0160 -0.0241
1.620 move +0.0560 +0.0000 +0.0071 +0.0223 -0.05 0.999 +0.0159 -0.0491
1.640 move +0.0560 +0.0000 +0.0063 +0.0222 -0.03 0.999 +0.0159 -0.0181
1.660 move +0.0560 +0.0000 +0.0055 +0.0223 +0.02 0.999 +0.0160 -0.0469
1.680 move +0.0560 +0.0000 +0.0049 +0.0225 -0.01 0.999 +0.0161 -0.0124
1.700 move +0.0560 +0.0000 +0.0042 +0.0227 +0.01 1.000 +0.0163 -0.0412
1.720 move +0.0560 +0.0000 +0.0038 +0.0230 -0.05 1.000 +0.0166 -0.0020
1.740 move +0.0560 +0.0000 +0.0034 +0.0234 -0.03 1.000 +0.0169 -0.0324
1.760 move +0.0560 +0.0000 +0.0032 +0.0238 -0.08 1.000 +0.0173 +0.0096
1.780 move +0.0560 +0.0000 +0.0031 +0.0243 -0.04 1.000 +0.0177 -0.0228
1.800 move +0.0560 +0.0000 +0.0031 +0.0248 -0.09 1.000 +0.0181 +0.0209
1.820 move +0.0560 +0.0000 +0.0032 +0.0253 -0.05 1.000 +0.0185 -0.0127
1.840 move +0.0560 +0.0000 +0.0035 +0.0258 -0.14 1.000 +0.0189 +0.0286
1.860 move +0.0560 +0.0000 +0.0038 +0.0263 -0.13 1.000 +0.0194 -0.0033
1.880 move +0.0560 +0.0000 +0.0043 +0.0268 -0.18 1.000 +0.0198 +0.0418
1.900 move +0.0560 +0.0000 +0.0048 +0.0273 -0.12 1.000 +0.0201 +0.0054
1.920 move +0.0560 +0.0000 +0.0056 +0.0277 -0.17 1.000 +0.0205 +0.0482
1.940 move +0.0560 +0.0000 +0.0062 +0.0281 -0.13 1.000 +0.0208 +0.0101
1.960 move +0.0560 +0.0000 +0.0070 +0.0284 -0.19 0.999 +0.0210 +0.0513
1.980 move +0.0560 +0.0000 +0.0077 +0.0287 -0.17 0.999 +0.0212 +0.0133
2.000 move +0.0560 +0.0000 +0.0086 +0.0288 -0.23 0.999 +0.0213 +0.0515
2.020 move +0.0560 +0.0000 +0.0093 +0.0290 -0.22 0.999 +0.0214 +0.0140
2.040 move +0.0560 +0.0000 +0.0101 +0.0290 -0.28 0.999 +0.0214 +0.0482
2.060 move +0.0560 +0.0000 +0.0108 +0.0290 -0.28 0.998 +0.0214 +0.0097
2.080 move +0.0560 +0.0000 +0.0114 +0.0290 -0.33 0.998 +0.0213 +0.0433
2.100 move +0.0560 +0.0000 +0.0120 +0.0289 -0.27 0.998 +0.0212 +0.0081
2.120 move +0.0560 +0.0000 +0.0125 +0.0287 -0.30 0.998 +0.0211 +0.0344
2.140 move +0.0560 +0.0000 +0.0128 +0.0285 -0.27 0.998 +0.0209 -0.0013
2.160 move +0.0560 +0.0000 +0.0132 +0.0282 -0.32 0.998 +0.0206 +0.0234
2.180 move +0.0560 +0.0000 +0.0133 +0.0280 -0.31 0.998 +0.0204 -0.0096
2.200 move +0.0560 +0.0000 +0.0132 +0.0278 -0.41 0.998 +0.0558 -0.0030
2.220 move +0.0560 +0.0000 +0.0128 +0.0278 -0.47 0.997 +0.0557 -0.0373
2.240 move +0.0560 +0.0000 +0.0115 +0.0279 -0.37 0.998 +0.0557 -0.0621
2.260 move +0.0560 +0.0000 +0.0097 +0.0279 -0.22 0.998 +0.0556 -0.0851
2.280 move +0.0560 +0.0000 +0.0074 +0.0279 -0.12 0.999 +0.0555 -0.1012
2.300 move +0.0560 +0.0000 +0.0049 +0.0280 -0.07 0.999 +0.0554 -0.1011
2.320 move +0.0560 +0.0000 +0.0027 +0.0278 -0.06 1.000 +0.0554 -0.0902
2.340 move +0.0560 +0.0000 +0.0007 +0.0274 -0.08 1.000 +0.0204 -0.0743
2.360 move +0.0560 +0.0000 -0.0008 +0.0268 -0.09 1.000 +0.0199 -0.0572
2.380 move +0.0560 +0.0000 -0.0019 +0.0258 -0.08 1.000 +0.0192 -0.0398
2.400 move +0.0560 +0.0000 -0.0026 +0.0247 -0.08 1.000 +0.0577 -0.0227
2.420 move +0.0560 +0.0000 -0.0029 +0.0232 -0.07 1.000 +0.0588 -0.0056
2.440 move +0.0560 +0.0000 -0.0028 +0.0216 -0.06 1.000 +0.0601 +0.0098
2.460 move +0.0560 +0.0000 -0.0024 +0.0197 -0.04 1.000 +0.0615 +0.0229
2.480 move +0.0560 +0.0000 -0.0016 +0.0178 -0.01 1.000 +0.0631 +0.0331
2.500 move +0.0560 +0.0000 -0.0008 +0.0157 +0.01 1.000 +0.0647 +0.0382
2.520 move +0.0560 +0.0000 +0.0001 +0.0137 +0.01 1.000 +0.0663 +0.0345
2.540 move +0.0560 +0.0000 +0.0008 +0.0116 -0.01 1.000 +0.0679 +0.0268
2.560 move +0.0560 +0.0000 +0.0014 +0.0097 -0.02 1.000 +0.0694 +0.0179
2.580 move +0.0560 +0.0000 +0.0017 +0.0078 -0.03 1.000 +0.0708 +0.0090
2.600 move +0.0560 +0.0000 +0.0017 +0.0061 -0.04 1.000 +0.0721 +0.0011
2.620 move +0.0560 +0.0000 +0.0017 +0.0044 -0.05 1.000 +0.0733 -0.0054
2.640 move +0.0560 +0.0000 +0.0014 +0.0028 -0.06 1.000 +0.0745 -0.0100
2.660 move +0.0560 +0.0000 +0.0011 +0.0012 -0.07 1.000 +0.0757 -0.0128
2.680 move +0.0560 +0.0000 +0.0008 -0.0004 -0.09 1.000 +0.0755 -0.0139
2.700 move +0.0560 +0.0000 +0.0005 -0.0020 -0.10 1.000 +0.0748 -0.0134
2.720 move +0.0560 +0.0000 +0.0002 -0.0036 -0.12 1.000 +0.0738 -0.0119
2.740 move +0.0560 +0.0000 -0.0001 -0.0053 -0.13 1.000 +0.0724 -0.0096
2.760 move +0.0560 +0.0000 -0.0003 -0.0070 -0.15 1.000 +0.0710 -0.0069
2.780 move +0.0560 +0.0000 -0.0004 -0.0089 -0.17 1.000 +0.0694 -0.0043
2.800 move +0.0560 +0.0000 -0.0005 -0.0108 -0.18 1.000 +0.0678 -0.0019
2.820 move +0.0560 +0.0000 -0.0005 -0.0130 -0.20 1.000 +0.0661 -0.0000
2.840 move +0.0560 +0.0000 -0.0005 -0.0152 -0.21 1.000 +0.0642 +0.0013
2.860 move +0.0560 +0.0000 -0.0004 -0.0177 -0.21 1.000 +0.0622 +0.0021
2.880 move +0.0560 +0.0000 -0.0004 -0.0204 -0.21 1.000 +0.0600 +0.0023
2.900 move +0.0560 +0.0000 -0.0004 -0.0232 -0.21 1.000 +0.0578 +0.0002
2.920 move +0.0560 +0.0000 -0.0004 -0.0260 -0.21 1.000 +0.0555 -0.0023
2.940 move +0.0560 +0.0000 -0.0005 -0.0285 -0.20 0.999 +0.0535 -0.0050
2.960 move +0.0560 +0.0000 -0.0007 -0.0309 -0.20 0.999 +0.0516 -0.0073
2.980 move +0.0560 +0.0000 -0.0009 -0.0330 -0.20 0.999 +0.0499 -0.0088
3.000 move +0.0560 +0.0000 -0.0012 -0.0347 -0.25 0.999 +0.0486 -0.0082
3.020 move +0.0560 +0.0000 -0.0016 -0.0360 -0.34 0.999 +0.0477 -0.0110
3.040 move +0.0560 +0.0000 -0.0020 -0.0367 -0.28 0.999 +0.0288 -0.0243
3.060 move +0.0560 +0.0000 -0.0026 -0.0370 -0.22 0.999 +0.0290 -0.0266
3.080 move +0.0560 +0.0000 -0.0029 -0.0368 -0.19 0.999 +0.0289 -0.0061
3.100 move +0.0560 +0.0000 -0.0032 -0.0363 -0.25 0.999 +0.0284 -0.0135
3.120 move +0.0560 +0.0000 -0.0034 -0.0355 -0.29 0.999 +0.0277 +0.0049
3.140 move +0.0560 +0.0000 -0.0036 -0.0345 -0.39 0.999 +0.0268 -0.0115
3.160 move +0.0560 +0.0000 -0.0037 -0.0332 -0.44 0.999 +0.0258 +0.0106
3.180 move +0.0560 +0.0000 -0.0039 -0.0319 -0.54 0.999 +0.0246 -0.0148
3.200 move +0.0560 +0.0000 -0.0039 -0.0304 -0.56 0.999 +0.0234 +0.0132
3.220 move +0.0560 +0.0000 -0.0042 -0.0289 -0.66 0.999 +0.0221 -0.0209
3.240 move +0.0560 +0.0000 -0.0043 -0.0273 -0.63 0.999 +0.0208 +0.0116
3.260 move +0.0560 +0.0000 -0.0046 -0.0259 -0.70 0.999 +0.0196 -0.0294
3.280 move +0.0560 +0.0000 -0.0049 -0.0245 -0.66 0.998 +0.0185 +0.0040
3.300 move +0.0560 +0.0000 -0.0054 -0.0232 -0.73 0.998 +0.0174 -0.0333
3.320 move +0.0560 +0.0000 -0.0057 -0.0221 -0.68 0.997 +0.0164 -0.0016
3.340 move +0.0560 +0.0000 -0.0063 -0.0210 -0.73 0.997 +0.0156 -0.0364
3.360 move +0.0560 +0.0000 -0.0067 -0.0201 -0.69 0.997 +0.0148 -0.0046
3.380 move +0.0560 +0.0000 -0.0073 -0.0193 -0.72 0.996 +0.0142 -0.0403
3.400 move +0.0560 +0.0000 -0.0079 -0.0187 -0.68 0.996 +0.0136 -0.0095
3.420 move +0.0560 +0.0000 -0.0085 -0.0181 -0.70 0.995 +0.0132 -0.0409
3.440 move +0.0560 +0.0000 -0.0091 -0.0177 -0.65 0.995 +0.0129 -0.0103
3.460 move +0.0560 +0.0000 -0.0097 -0.0174 -0.67 0.995 +0.0126 -0.0395
3.480 move +0.0560 +0.0000 -0.0102 -0.0172 -0.62 0.994 +0.0125 -0.0091
3.500 move +0.0560 +0.0000 -0.0108 -0.0171 -0.64 0.994 +0.0124 -0.0395
3.520 move +0.0560 +0.0000 -0.0113 -0.0171 -0.61 0.994 +0.0125 -0.0097
3.540 move +0.0560 +0.0000 -0.0119 -0.0173 -0.73 0.994 +0.0126 -0.0350
3.560 move +0.0560 +0.0000 -0.0123 -0.0175 -0.85 0.994 +0.0130 -0.0151
3.580 move +0.0560 +0.0000 -0.0128 -0.0180 -0.79 0.994 +0.0136 -0.0405
3.600 move +0.0560 +0.0000 -0.0130 -0.0186 -0.35 0.994 +0.0143 -0.0157
3.620 move +0.0560 +0.0000 -0.0131 -0.0191 -0.03 0.995 +0.0150 -0.0155
3.640 move +0.0560 +0.0000 -0.0128 -0.0195 +0.18 0.995 +0.0155 +0.0254
3.660 move +0.0560 +0.0000 -0.0124 -0.0200 +0.18 0.995 +0.0160 +0.0107
3.680 move +0.0560 +0.0000 -0.0117 -0.0204 +0.17 0.995 +0.0164 +0.0450
3.700 move +0.0560 +0.0000 -0.0111 -0.0208 +0.08 0.996 +0.0167 +0.0153
3.720 move +0.0560 +0.0000 -0.0103 -0.0213 +0.09 0.996 +0.0171 +0.0444
3.740 move +0.0560 +0.0000 -0.0095 -0.0218 +0.06 0.997 +0.0175 +0.0211
3.760 move +0.0560 +0.0000 -0.0084 -0.0223 +0.09 0.997 +0.0179 +0.0580
3.780 move +0.0560 +0.0000 -0.0075 -0.0228 +0.03 0.998 +0.0184 +0.0276
3.800 move +0.0560 +0.0000 -0.0064 -0.0234 +0.04 0.998 +0.0188 +0.0614
3.820 move +0.0560 +0.0000 -0.0055 -0.0240 -0.03 0.998 +0.0193 +0.0234
3.840 move +0.0560 +0.0000 -0.0046 -0.0245 -0.01 0.998 +0.0198 +0.0579
3.860 move +0.0560 +0.0000 -0.0039 -0.0250 -0.08 0.999 +0.0202 +0.0110
3.880 move +0.0560 +0.0000 -0.0032 -0.0255 -0.00 0.999 +0.0206 +0.0419
3.900 move +0.0560 +0.0000 -0.0028 -0.0259 -0.00 0.999 +0.0209 -0.0049
3.920 move +0.0560 +0.0000 -0.0024 -0.0263 +0.13 0.999 +0.0213 +0.0243
3.940 move +0.0560 +0.0000 -0.0022 -0.0267 +0.17 0.999 +0.0217 -0.0105
3.960 move +0.0560 +0.0000 -0.0019 -0.0272 +0.31 1.000 +0.0221 +0.0206
3.980 move +0.0560 +0.0000 -0.0017 -0.0278 +0.35 1.000 +0.0227 -0.0116
4.000 move +0.0560 +0.0000 -0.0014 -0.0285 +0.47 1.000 +0.0233 +0.0192
4.020 move +0.0560 +0.0000 -0.0014 -0.0292 +0.50 1.000 +0.0239 -0.0150
4.040 move +0.0560 +0.0000 -0.0012 -0.0301 +0.61 1.000 +0.0246 +0.0170
4.060 move +0.0560 +0.0000 -0.0012 -0.0310 +0.63 1.000 +0.0254 -0.0199
4.080 move +0.0560 +0.0000 -0.0012 -0.0319 +0.73 1.000 +0.0262 +0.0122
4.100 move +0.0560 +0.0000 -0.0015 -0.0329 +0.71 1.000 +0.0269 -0.0298
4.120 move +0.0560 +0.0000 -0.0018 -0.0337 +0.79 1.000 +0.0276 +0.0009
4.140 move +0.0560 +0.0000 -0.0022 -0.0345 +0.76 1.000 +0.0282 -0.0338
4.160 move +0.0560 +0.0000 -0.0026 -0.0352 +0.90 0.999 +0.0288 -0.0109
4.180 move +0.0560 +0.0000 -0.0031 -0.0360 +0.97 0.999 +0.0295 -0.0395
4.200 move +0.0560 +0.0000 -0.0033 -0.0367 +1.11 0.999 +0.0301 -0.0030
4.220 move +0.0560 +0.0000 -0.0036 -0.0375 +1.14 0.999 +0.0307 -0.0272
4.240 move +0.0560 +0.0000 -0.0036 -0.0382 +1.27 0.998 +0.0313 +0.0093
4.260 move +0.0560 +0.0000 -0.0036 -0.0390 +1.31 0.998 +0.0319 -0.0123
4.280 move +0.0560 +0.0000 -0.0033 -0.0397 +1.43 0.998 +0.0325 +0.0217
4.300 move +0.0560 +0.0000 -0.0031 -0.0404 +1.45 0.997 +0.0331 +0.0002
4.320 move +0.0560 +0.0000 -0.0026 -0.0410 +1.54 0.997 +0.0336 +0.0296
4.340 move +0.0560 +0.0000 -0.0022 -0.0416 +1.56 0.997 +0.0340 +0.0085
4.360 move +0.0560 +0.0000 -0.0016 -0.0421 +1.64 0.996 +0.0345 +0.0314
4.380 move +0.0560 +0.0000 -0.0013 -0.0425 +1.65 0.996 +0.0348 +0.0041
4.400 move +0.0560 +0.0000 -0.0008 -0.0429 +1.73 0.995 +0.0351 +0.0288
4.420 move +0.0560 +0.0000 -0.0005 -0.0432 +1.74 0.995 +0.0354 -0.0028
4.440 move +0.0560 +0.0000 -0.0003 -0.0435 +1.82 0.995 +0.0356 +0.0213
4.460 move +0.0560 +0.0000 -0.0002 -0.0438 +1.82 0.994 +0.0358 -0.0105
4.480 move +0.0560 +0.0000 -0.0001 -0.0440 +1.89 0.994 +0.0359 +0.0134
4.500 move +0.0560 +0.0000 -0.0005 -0.0440 +1.87 0.994 +0.0360 -0.0363
4.520 move +0.0560 +0.0000 -0.0020 -0.0438 +1.75 0.994 +0.0358 -0.0722
4.540 move +0.0560 +0.0000 -0.0041 -0.0433 +1.62 0.994 +0.0355 -0.0963
4.560 move +0.0560 +0.0000 -0.0066 -0.0426 +1.50 0.995 +0.0350 -0.1094
4.580 move +0.0560 +0.0000 -0.0094 -0.0416 +1.39 0.995 +0.0342 -0.1114
4.600 move +0.0560 +0.0000 -0.0120 -0.0404 +1.30 0.995 +0.0333 -0.1041
4.620 move +0.0560 +0.0000 -0.0143 -0.0390 +1.23 0.995 +0.0322 -0.0897
4.640 move +0.0560 +0.0000 -0.0162 -0.0374 +1.18 0.994 +0.0310 -0.0707
4.660 move +0.0560 +0.0000 -0.0177 -0.0357 +1.09 0.995 +0.0294 -0.0578
4.680 move +0.0560 +0.0000 -0.0188 -0.0336 +1.00 0.995 +0.0273 -0.0423
4.700 move +0.0560 +0.0000 -0.0196 -0.0310 +0.97 0.996 +0.0251 -0.0264
4.720 move +0.0560 +0.0000 -0.0200 -0.0281 +1.01 0.997 +0.0226 -0.0119
4.740 move +0.0560 +0.0000 -0.0201 -0.0246 +1.05 0.997 +0.0198 +0.0039
4.760 move +0.0560 +0.0000 -0.0198 -0.0209 +1.09 0.998 +0.0455 +0.0215
4.780 move +0.0560 +0.0000 -0.0191 -0.0171 +1.11 0.999 +0.0465 +0.0392
4.800 move +0.0560 +0.0000 -0.0181 -0.0133 +1.12 0.999 +0.0478 +0.0498
4.820 move +0.0560 +0.0000 -0.0169 -0.0096 +1.12 1.000 +0.0493 +0.0549
4.840 move +0.0560 +0.0000 -0.0157 -0.0060 +1.13 1.000 +0.0507 +0.0515
4.860 move +0.0560 +0.0000 -0.0147 -0.0025 +1.15 1.000 +0.0520 +0.0441
4.880 move +0.0560 +0.0000 -0.0138 +0.0010 +1.16 1.000 +0.0531 +0.0345
4.900 move +0.0560 +0.0000 -0.0132 +0.0045 +1.18 1.000 +0.0540 +0.0241
4.920 move +0.0560 +0.0000 -0.0129 +0.0081 +1.18 0.999 +0.0544 +0.0144
4.940 move +0.0560 +0.0000 -0.0128 +0.0115 +1.19 0.999 +0.0545 +0.0058
4.960 move +0.0560 +0.0000 -0.0128 +0.0145 +1.21 0.999 +0.0545 -0.0008
4.980 move +0.0560 +0.0000 -0.0130 +0.0171 +1.22 0.998 +0.0544 -0.0054
5.000 move +0.0560 +0.0000 -0.0132 +0.0193 +1.22 0.998 +0.0542 -0.0079
5.020 move +0.0560 +0.0000 -0.0134 +0.0210 +1.23 0.998 +0.0541 -0.0089
5.040 move +0.0560 +0.0000 -0.0137 +0.0222 +1.23 0.998 +0.0539 -0.0086
5.060 move +0.0560 +0.0000 -0.0139 +0.0231 +1.23 0.998 +0.0537 -0.0074
5.080 move +0.0560 +0.0000 -0.0141 +0.0237 +1.23 0.999 +0.0535 -0.0057
5.100 move +0.0560 +0.0000 -0.0142 +0.0241 +1.23 0.999 +0.0534 -0.0039
5.120 move +0.0560 +0.0000 -0.0143 +0.0244 +1.23 0.999 +0.0534 -0.0021
5.140 move +0.0560 +0.0000 -0.0143 +0.0246 +1.23 0.999 +0.0533 -0.0006
5.160 move +0.0560 +0.0000 -0.0143 +0.0248 +1.23 0.999 +0.0533 +0.0004
5.180 move +0.0560 +0.0000 -0.0143 +0.0252 +1.23 1.000 +0.0533 +0.0010
5.200 move +0.0560 +0.0000 -0.0143 +0.0257 +1.23 1.000 +0.0533 +0.0011
5.220 move +0.0560 +0.0000 -0.0142 +0.0263 +1.24 1.000 +0.0534 +0.0011
5.240 move +0.0560 +0.0000 -0.0142 +0.0271 +1.25 1.000 +0.0534 +0.0010
5.260 move +0.0560 +0.0000 -0.0142 +0.0281 +1.27 1.000 +0.0533 +0.0030
5.280 move +0.0560 +0.0000 -0.0143 +0.0290 +1.32 1.000 +0.0532 +0.0007
5.300 move +0.0560 +0.0000 -0.0141 +0.0297 +1.37 1.000 +0.0221 +0.0163
5.320 move +0.0560 +0.0000 -0.0141 +0.0302 +1.33 1.000 +0.0225 -0.0044
5.340 move +0.0560 +0.0000 -0.0140 +0.0306 +1.20 1.000 +0.0228 +0.0073
5.360 move +0.0560 +0.0000 -0.0140 +0.0308 +1.13 1.000 +0.0229 -0.0106
5.380 move +0.0560 +0.0000 -0.0138 +0.0309 +1.03 1.000 +0.0230 +0.0137
5.400 move +0.0560 +0.0000 -0.0138 +0.0308 +1.04 1.000 +0.0230 -0.0154
5.420 move +0.0560 +0.0000 -0.0136 +0.0306 +0.98 1.000 +0.0228 +0.0215
5.440 move +0.0560 +0.0000 -0.0137 +0.0303 +1.05 1.000 +0.0226 -0.0266
5.460 move +0.0560 +0.0000 -0.0138 +0.0299 +0.98 1.000 +0.0223 +0.0120
5.480 move +0.0560 +0.0000 -0.0141 +0.0295 +1.01 1.000 +0.0219 -0.0365
5.500 move +0.0560 +0.0000 -0.0144 +0.0290 +0.93 1.000 +0.0215 +0.0046
5.520 move +0.0560 +0.0000 -0.0149 +0.0285 +0.99 1.000 +0.0212 -0.0398
5.540 move +0.0560 +0.0000 -0.0153 +0.0280 +0.97 1.000 +0.0208 -0.0003
5.560 move +0.0560 +0.0000 -0.0159 +0.0276 +1.05 1.000 +0.0204 -0.0448
5.580 move +0.0560 +0.0000 -0.0165 +0.0271 +1.04 1.000 +0.0200 -0.0068
5.600 move +0.0560 +0.0000 -0.0172 +0.0267 +1.11 0.999 +0.0197 -0.0474
5.620 move +0.0560 +0.0000 -0.0178 +0.0263 +1.08 0.999 +0.0194 -0.0103
5.640 move +0.0560 +0.0000 -0.0186 +0.0260 +1.13 0.999 +0.0192 -0.0461
5.660 move +0.0560 +0.0000 -0.0191 +0.0257 +1.10 0.999 +0.0189 -0.0092
5.680 move +0.0560 +0.0000 -0.0198 +0.0254 +1.13 0.999 +0.0187 -0.0414
5.700 move +0.0560 +0.0000 -0.0202 +0.0252 +1.07 0.999 +0.0186 -0.0057
5.720 move +0.0560 +0.0000 -0.0207 +0.0250 +1.09 0.999 +0.0184 -0.0326
5.740 move +0.0560 +0.0000 -0.0210 +0.0249 +1.04 0.998 +0.0183 +0.0032
5.760 move +0.0560 +0.0000 -0.0213 +0.0248 +1.09 0.998 +0.0182 -0.0240
5.780 move +0.0560 +0.0000 -0.0215 +0.0246 +0.93 0.998 +0.0181 +0.0023
5.800 move +0.0560 +0.0000 -0.0217 +0.0246 +0.90 0.998 +0.0181 -0.0168
5.820 move +0.0560 +0.0000 -0.0216 +0.0245 +0.87 0.998 +0.0180 +0.0192
5.840 move +0.0560 +0.0000 -0.0216 +0.0245 +0.94 0.998 +0.0180 -0.0093
5.860 move +0.0560 +0.0000 -0.0214 +0.0245 +0.94 0.998 +0.0180 +0.0250
5.880 move +0.0560 +0.0000 -0.0213 +0.0245 +1.01 0.998 +0.0180 -0.0064
5.900 move +0.0560 +0.0000 -0.0210 +0.0245 +0.98 0.998 +0.0180 +0.0285
5.920 move +0.0560 +0.0000 -0.0207 +0.0246 +1.05 0.998 +0.0180 -0.0019
5.940 move +0.0560 +0.0000 -0.0203 +0.0247 +1.07 0.999 +0.0181 +0.0344
5.960 move +0.0560 +0.0000 -0.0200 +0.0249 +1.14 0.999 +0.0182 -0.0005
5.980 move +0.0560 +0.0000 -0.0195 +0.0250 +1.11 0.999 +0.0183 +0.0349
6.000 move +0.0560 +0.0000 -0.0192 +0.0252 +1.14 0.999 +0.0185 -0.0011
6.020 move +0.0560 +0.0000 -0.0187 +0.0254 +1.09 0.999 +0.0187 +0.0348
6.040 move +0.0560 +0.0000 -0.0184 +0.0257 +1.13 0.999 +0.0189 -0.0032
6.060 move +0.0560 +0.0000 -0.0180 +0.0260 +1.08 0.999 +0.0191 +0.0335
6.080 move +0.0560 +0.0000 -0.0178 +0.0263 +1.13 0.999 +0.0193 -0.0065
6.100 move +0.0560 +0.0000 -0.0174 +0.0265 +1.10 0.999 +0.0195 +0.0307
6.120 move +0.0560 +0.0000 -0.0173 +0.0268 +1.16 0.999 +0.0198 -0.0117
6.140 move +0.0560 +0.0000 -0.0171 +0.0271 +1.07 1.000 +0.0200 +0.0226
6.160 move +0.0560 +0.0000 -0.0171 +0.0274 +1.09 1.000 +0.0202 -0.0169
6.180 move +0.0560 +0.0000 -0.0170 +0.0276 +1.05 1.000 +0.0204 +0.0227
6.200 stand +0.0000 +0.0000 -0.0157 +0.0271 +1.02 0.999 +0.0201 +0.0912
6.220 stand +0.0000 +0.0000 -0.0136 +0.0256 +1.05 0.999 +0.0190 +0.1132
6.240 stand +0.0000 +0.0000 -0.0110 +0.0235 +1.06 0.999 +0.0173 +0.1329
6.260 stand +0.0000 +0.0000 -0.0080 +0.0206 +1.04 0.999 +0.0150 +0.1493
6.280 stand +0.0000 +0.0000 -0.0046 +0.0171 +1.01 0.999 +0.0123 +0.1629
6.300 stand +0.0000 +0.0000 -0.0010 +0.0132 +0.99 1.000 +0.0668 +0.1619
6.320 stand +0.0000 +0.0000 +0.0022 +0.0093 +0.98 1.000 +0.0698 +0.1383
6.340 stand +0.0000 +0.0000 +0.0048 +0.0058 +0.96 1.000 +0.0686 +0.1170
6.360 stand +0.0000 +0.0000 +0.0070 +0.0025 +0.92 1.000 +0.0662 +0.0936
6.380 stand +0.0000 +0.0000 +0.0085 -0.0003 +0.82 1.000 +0.0644 +0.0649
6.400 stand +0.0000 +0.0000 +0.0094 -0.0026 +0.75 1.000 +0.0632 +0.0347
6.420 stand +0.0000 +0.0000 +0.0096 -0.0045 +0.69 1.000 +0.0627 -0.0008
6.440 stand +0.0000 +0.0000 +0.0091 -0.0060 +0.59 0.999 +0.0626 -0.0305
6.460 stand +0.0000 +0.0000 +0.0081 -0.0070 +0.45 0.999 +0.0629 -0.0507
6.480 stand +0.0000 +0.0000 +0.0069 -0.0077 +0.29 0.999 +0.0635 -0.0622
6.500 stand +0.0000 +0.0000 +0.0056 -0.0081 +0.16 0.999 +0.0643 -0.0659
6.520 stand +0.0000 +0.0000 +0.0042 -0.0083 +0.04 0.999 +0.0651 -0.0639
6.540 stand +0.0000 +0.0000 +0.0030 -0.0084 -0.08 0.999 +0.0658 -0.0581
6.560 stand +0.0000 +0.0000 +0.0019 -0.0083 -0.21 0.999 +0.0664 -0.0487
6.580 stand +0.0000 +0.0000 +0.0012 -0.0081 -0.32 0.999 +0.0668 -0.0365
6.600 stand +0.0000 +0.0000 +0.0007 -0.0078 -0.44 0.999 +0.0668 -0.0226
6.620 stand +0.0000 +0.0000 +0.0006 -0.0076 -0.56 0.999 +0.0666 -0.0075
6.640 stand +0.0000 +0.0000 +0.0008 -0.0073 -0.66 0.999 +0.0662 +0.0097
6.660 stand +0.0000 +0.0000 +0.0013 -0.0069 -0.74 0.999 +0.0655 +0.0230
6.680 stand +0.0000 +0.0000 +0.0021 -0.0065 -0.81 0.999 +0.0646 +0.0317
6.700 stand +0.0000 +0.0000 +0.0030 -0.0061 -0.87 0.999 +0.0636 +0.0369
6.720 stand +0.0000 +0.0000 +0.0039 -0.0055 -0.93 1.000 +0.0626 +0.0381
6.740 stand +0.0000 +0.0000 +0.0048 -0.0049 -0.98 1.000 +0.0618 +0.0361
6.760 stand +0.0000 +0.0000 +0.0056 -0.0043 -1.03 1.000 +0.0610 +0.0318
6.780 stand +0.0000 +0.0000 +0.0063 -0.0036 -1.06 1.000 +0.0604 +0.0258
6.800 stand +0.0000 +0.0000 +0.0068 -0.0030 -1.08 1.000 +0.0599 +0.0190
6.820 stand +0.0000 +0.0000 +0.0071 -0.0024 -1.09 1.000 +0.0595 +0.0119
6.840 stand +0.0000 +0.0000 +0.0073 -0.0017 -1.11 1.000 +0.0593 +0.0047
6.860 stand +0.0000 +0.0000 +0.0073 -0.0011 -1.12 1.000 +0.0593 -0.0018
6.880 stand +0.0000 +0.0000 +0.0072 -0.0006 -1.12 1.000 +0.0593 -0.0076
6.900 stand +0.0000 +0.0000 +0.0069 -0.0000 -1.13 1.000 +0.0594 -0.0127
6.920 stand +0.0000 +0.0000 +0.0065 +0.0005 -1.14 1.000 +0.0596 -0.0162
6.940 stand +0.0000 +0.0000 +0.0061 +0.0010 -1.14 1.000 +0.0599 -0.0166
6.960 stand +0.0000 +0.0000 +0.0058 +0.0015 -1.13 1.000 +0.0601 -0.0158
6.980 stand +0.0000 +0.0000 +0.0054 +0.0020 -1.13 1.000 +0.0603 -0.0136
7.000 stand +0.0000 +0.0000 +0.0051 +0.0025 -1.12 1.000 +0.0605 -0.0105
7.020 stand +0.0000 +0.0000 +0.0050 +0.0031 -1.11 1.000 +0.0606 -0.0069
7.040 stand +0.0000 +0.0000 +0.0049 +0.0036 -1.11 1.000 +0.0606 -0.0031
7.060 stand +0.0000 +0.0000 +0.0048 +0.0042 -1.11 1.000 +0.0605 +0.0008
7.080 stand +0.0000 +0.0000 +0.0049 +0.0047 -1.11 1.000 +0.0604 +0.0040
7.100 stand +0.0000 +0.0000 +0.0051 +0.0053 -1.11 1.000 +0.0602 +0.0064
7.120 stand +0.0000 +0.0000 +0.0053 +0.0058 -1.12 1.000 +0.0600 +0.0080
7.140 stand +0.0000 +0.0000 +0.0055 +0.0063 -1.12 1.000 +0.0597 +0.0086
7.160 stand +0.0000 +0.0000 +0.0057 +0.0067 -1.13 1.000 +0.0595 +0.0082
7.180 stand +0.0000 +0.0000 +0.0059 +0.0071 -1.13 1.000 +0.0593 +0.0072
7.200 stand +0.0000 +0.0000 +0.0060 +0.0074 -1.14 1.000 +0.0591 +0.0058
7.220 stand +0.0000 +0.0000 +0.0061 +0.0076 -1.14 1.000 +0.0589 +0.0041
7.240 stand +0.0000 +0.0000 +0.0062 +0.0077 -1.14 1.000 +0.0588 +0.0024
7.260 stand +0.0000 +0.0000 +0.0062 +0.0078 -1.15 1.000 +0.0588 +0.0009
7.280 stand +0.0000 +0.0000 +0.0062 +0.0078 -1.15 1.000 +0.0587 -0.0004
7.300 stand +0.0000 +0.0000 +0.0062 +0.0077 -1.15 1.000 +0.0587 -0.0013
7.320 stand +0.0000 +0.0000 +0.0062 +0.0076 -1.15 1.000 +0.0587 -0.0018
7.340 stand +0.0000 +0.0000 +0.0061 +0.0074 -1.16 1.000 +0.0587 -0.0020
7.360 stand +0.0000 +0.0000 +0.0061 +0.0072 -1.16 1.000 +0.0587 -0.0019
7.380 stand +0.0000 +0.0000 +0.0060 +0.0071 -1.16 1.000 +0.0587 -0.0016
7.400 stand +0.0000 +0.0000 +0.0060 +0.0069 -1.16 1.000 +0.0587 -0.0011
7.420 stand +0.0000 +0.0000 +0.0059 +0.0067 -1.16 1.000 +0.0587 -0.0005
7.440 stand +0.0000 +0.0000 +0.0059 +0.0066 -1.16 1.000 +0.0586 -0.0000
7.460 stand +0.0000 +0.0000 +0.0059 +0.0064 -1.17 1.000 +0.0586 +0.0004
7.480 stand +0.0000 +0.0000 +0.0060 +0.0064 -1.17 1.000 +0.0586 +0.0008
7.500 stand +0.0000 +0.0000 +0.0060 +0.0063 -1.17 1.000 +0.0585 +0.0010
7.520 stand +0.0000 +0.0000 +0.0060 +0.0063 -1.17 1.000 +0.0585 +0.0012
7.540 stand +0.0000 +0.0000 +0.0060 +0.0062 -1.18 1.000 +0.0584 +0.0012
7.560 stand +0.0000 +0.0000 +0.0061 +0.0063 -1.18 1.000 +0.0584 +0.0011
7.580 stand +0.0000 +0.0000 +0.0061 +0.0063 -1.18 1.000 +0.0583 +0.0009
