Day-1 steer log
LIPM/ZMP schedule with a joint-space Bézier into the 50 Hz position servos. Not the open-loop CPG. No root wrench. Row LIPM03, clear command 0.020 m, arms=True. Swing sole median 0.012 m, p90 0.019 m, swing contact 0.038, stance slip 0.0024 m/s, sat_rate 0.000, lifts 4, missed gates 0, rear_unload_frac 0.98, rear_share_min 0.02, CoP margin before lift 0.011 m, CoP x before lift 0.029 m. Measured Δx=+0.032 m, mean body vx=+0.004 m/s (not the command). Turn-window Δyaw=+0.00 deg (mean yaw rate +0.000 rad/s). tip=False; min_up_z=0.994; peak leg torque=2.35 Nm (limit 2.45). Plant is the #43 thaw only: legs ±2.45 Nm, foot box 135×76 mm, md5 17dc4ff37491c8e61900fd83b5d31f0c. No further plant edit. Vendor look is about 2 cm, a 300–600 ms step, forward progress, no skate, upright, arms not frozen. An upright march or a shuffle that misses that period is a Prefer FAIL.
fault=False reason=-
t mode applied_vx applied_yaw_rate x y yaw_deg up_z margin body_vx
0.000 stand +0.0000 +0.0000 +0.0002 -0.0000 -0.00 1.000 +0.0591 +0.0138
0.020 stand +0.0000 +0.0000 +0.0006 -0.0000 +0.00 1.000 +0.0588 +0.0149
0.040 stand +0.0000 +0.0000 +0.0009 -0.0000 +0.00 1.000 +0.0585 +0.0145
0.060 stand +0.0000 +0.0000 +0.0013 -0.0000 +0.00 1.000 +0.0582 +0.0141
0.080 stand +0.0000 +0.0000 +0.0016 -0.0000 +0.00 1.000 +0.0579 +0.0131
0.100 stand +0.0000 +0.0000 +0.0019 -0.0000 +0.00 1.000 +0.0577 +0.0115
0.120 stand +0.0000 +0.0000 +0.0021 -0.0000 +0.00 1.000 +0.0575 +0.0094
0.140 stand +0.0000 +0.0000 +0.0023 -0.0000 +0.00 1.000 +0.0573 +0.0070
0.160 stand +0.0000 +0.0000 +0.0025 -0.0000 +0.00 1.000 +0.0572 +0.0045
0.180 stand +0.0000 +0.0000 +0.0025 -0.0000 +0.00 1.000 +0.0572 +0.0022
0.200 stand +0.0000 +0.0000 +0.0025 -0.0000 +0.00 1.000 +0.0572 +0.0001
0.220 stand +0.0000 +0.0000 +0.0025 -0.0000 +0.00 1.000 +0.0572 -0.0016
0.240 stand +0.0000 +0.0000 +0.0025 -0.0000 +0.00 1.000 +0.0572 -0.0028
0.260 stand +0.0000 +0.0000 +0.0024 -0.0000 +0.00 1.000 +0.0573 -0.0036
0.280 stand +0.0000 +0.0000 +0.0023 -0.0001 +0.00 1.000 +0.0574 -0.0038
0.300 stand +0.0000 +0.0000 +0.0022 -0.0001 +0.00 1.000 +0.0574 -0.0037
0.320 stand +0.0000 +0.0000 +0.0021 -0.0001 +0.00 1.000 +0.0575 -0.0033
0.340 stand +0.0000 +0.0000 +0.0020 -0.0001 +0.00 1.000 +0.0576 -0.0027
0.360 stand +0.0000 +0.0000 +0.0020 -0.0001 +0.00 1.000 +0.0576 -0.0020
0.380 stand +0.0000 +0.0000 +0.0019 -0.0001 +0.00 1.000 +0.0576 -0.0013
0.400 move +0.0016 +0.0000 +0.0019 -0.0001 +0.00 1.000 +0.0577 +0.0001
0.420 move +0.0032 +0.0000 +0.0019 +0.0001 +0.00 1.000 +0.0576 +0.0008
0.440 move +0.0048 +0.0000 +0.0020 +0.0002 -0.00 1.000 +0.0576 +0.0012
0.460 move +0.0064 +0.0000 +0.0020 +0.0004 -0.00 1.000 +0.0576 +0.0015
0.480 move +0.0080 +0.0000 +0.0020 +0.0006 -0.00 1.000 +0.0576 +0.0017
0.500 move +0.0096 +0.0000 +0.0021 +0.0009 -0.00 1.000 +0.0575 +0.0015
0.520 move +0.0112 +0.0000 +0.0021 +0.0011 -0.00 1.000 +0.0575 +0.0005
0.540 move +0.0128 +0.0000 +0.0021 +0.0015 -0.01 0.999 +0.0575 -0.0001
0.560 move +0.0144 +0.0000 +0.0021 +0.0020 -0.01 0.999 +0.0575 -0.0006
0.580 move +0.0160 +0.0000 +0.0021 +0.0027 -0.01 0.999 +0.0575 -0.0011
0.600 move +0.0176 +0.0000 +0.0020 +0.0036 -0.01 0.999 +0.0575 -0.0015
0.620 move +0.0192 +0.0000 +0.0020 +0.0046 -0.02 0.999 +0.0576 -0.0016
0.640 move +0.0208 +0.0000 +0.0020 +0.0058 -0.02 0.999 +0.0576 -0.0015
0.660 move +0.0224 +0.0000 +0.0019 +0.0072 -0.03 0.999 +0.0576 -0.0013
0.680 move +0.0240 +0.0000 +0.0019 +0.0087 -0.03 0.999 +0.0577 -0.0008
0.700 move +0.0256 +0.0000 +0.0019 +0.0103 -0.03 0.999 +0.0577 -0.0002
0.720 move +0.0272 +0.0000 +0.0019 +0.0121 -0.03 0.999 +0.0577 +0.0005
0.740 move +0.0288 +0.0000 +0.0019 +0.0140 -0.04 0.999 +0.0577 +0.0009
0.760 move +0.0304 +0.0000 +0.0020 +0.0160 -0.02 0.999 +0.0576 +0.0120
0.780 move +0.0320 +0.0000 +0.0023 +0.0183 -0.01 0.999 +0.0574 +0.0188
0.800 move +0.0336 +0.0000 +0.0030 +0.0207 -0.13 0.999 +0.0571 +0.0467
0.820 move +0.0352 +0.0000 +0.0037 +0.0232 -0.21 1.000 +0.0572 +0.0368
0.840 move +0.0368 +0.0000 +0.0050 +0.0256 -0.31 1.000 +0.0184 +0.0993
0.860 move +0.0384 +0.0000 +0.0065 +0.0279 -0.10 1.000 +0.0202 +0.0659
0.880 move +0.0400 +0.0000 +0.0082 +0.0299 +0.07 1.000 +0.0219 +0.1053
0.900 move +0.0416 +0.0000 +0.0098 +0.0317 +0.26 1.000 +0.0234 +0.0569
0.920 move +0.0432 +0.0000 +0.0117 +0.0332 +0.25 1.000 +0.0246 +0.0987
0.940 move +0.0448 +0.0000 +0.0135 +0.0345 +0.24 1.000 +0.0257 +0.0569
0.960 move +0.0464 +0.0000 +0.0155 +0.0355 +0.09 0.999 +0.0266 +0.1033
0.980 move +0.0480 +0.0000 +0.0176 +0.0363 +0.03 0.999 +0.0272 +0.0669
1.000 move +0.0496 +0.0000 +0.0198 +0.0367 -0.13 0.999 +0.0276 +0.1096
1.020 move +0.0512 +0.0000 +0.0220 +0.0368 -0.18 0.998 +0.0277 +0.0748
1.040 move +0.0528 +0.0000 +0.0241 +0.0367 -0.28 0.997 +0.0276 +0.1023
1.060 move +0.0544 +0.0000 +0.0261 +0.0363 -0.30 0.997 +0.0273 +0.0678
1.080 move +0.0560 +0.0000 +0.0279 +0.0357 -0.36 0.996 +0.0269 +0.0820
1.100 move +0.0560 +0.0000 +0.0294 +0.0350 -0.36 0.996 +0.0262 +0.0486
1.120 move +0.0560 +0.0000 +0.0306 +0.0340 -0.40 0.995 +0.0255 +0.0554
1.140 move +0.0560 +0.0000 +0.0314 +0.0330 -0.37 0.995 +0.0246 +0.0252
1.160 move +0.0560 +0.0000 +0.0321 +0.0318 -0.39 0.995 +0.0236 +0.0325
1.180 move +0.0560 +0.0000 +0.0324 +0.0306 -0.34 0.995 +0.0226 +0.0041
1.200 move +0.0560 +0.0000 +0.0326 +0.0293 -0.34 0.995 +0.0216 +0.0120
1.220 move +0.0560 +0.0000 +0.0325 +0.0281 -0.28 0.995 +0.0205 -0.0148
1.240 move +0.0560 +0.0000 +0.0322 +0.0268 -0.26 0.995 +0.0195 -0.0048
1.260 move +0.0560 +0.0000 +0.0317 +0.0256 -0.20 0.995 +0.0185 -0.0301
1.280 move +0.0560 +0.0000 +0.0311 +0.0245 -0.29 0.995 +0.0176 -0.0256
1.300 move +0.0560 +0.0000 +0.0303 +0.0235 -0.29 0.996 +0.0167 -0.0419
1.320 move +0.0560 +0.0000 +0.0294 +0.0226 -0.25 0.996 +0.0159 -0.0282
1.340 move +0.0560 +0.0000 +0.0284 +0.0217 -0.15 0.996 +0.0151 -0.0500
1.360 move +0.0560 +0.0000 +0.0274 +0.0210 -0.10 0.997 +0.0145 -0.0354
1.380 move +0.0560 +0.0000 +0.0262 +0.0203 -0.03 0.997 +0.0140 -0.0570
1.400 move +0.0560 +0.0000 +0.0251 +0.0198 -0.03 0.997 +0.0135 -0.0384
1.420 move +0.0560 +0.0000 +0.0239 +0.0194 +0.04 0.998 +0.0132 -0.0554
1.440 move +0.0560 +0.0000 +0.0229 +0.0191 +0.06 0.998 +0.0129 -0.0329
1.460 move +0.0560 +0.0000 +0.0218 +0.0190 +0.11 0.998 +0.0128 -0.0532
1.480 move +0.0560 +0.0000 +0.0209 +0.0189 +0.08 0.998 +0.0128 -0.0279
1.500 move +0.0560 +0.0000 +0.0201 +0.0190 +0.09 0.998 +0.0128 -0.0475
1.520 move +0.0560 +0.0000 +0.0194 +0.0192 +0.05 0.999 +0.0130 -0.0180
1.540 move +0.0560 +0.0000 +0.0187 +0.0195 +0.07 0.999 +0.0133 -0.0387
1.560 move +0.0560 +0.0000 +0.0183 +0.0199 +0.03 0.999 +0.0137 -0.0066
1.580 move +0.0560 +0.0000 +0.0179 +0.0205 +0.07 0.999 +0.0141 -0.0290
1.600 move +0.0560 +0.0000 +0.0177 +0.0211 +0.04 0.999 +0.0147 +0.0047
1.620 move +0.0560 +0.0000 +0.0175 +0.0218 +0.08 0.999 +0.0153 -0.0197
1.640 move +0.0560 +0.0000 +0.0175 +0.0226 +0.00 0.999 +0.0159 +0.0126
1.660 move +0.0560 +0.0000 +0.0175 +0.0235 +0.01 0.999 +0.0166 -0.0099
1.680 move +0.0560 +0.0000 +0.0178 +0.0243 -0.04 0.999 +0.0173 +0.0287
1.700 move +0.0560 +0.0000 +0.0181 +0.0252 +0.00 0.999 +0.0180 +0.0004
1.720 move +0.0560 +0.0000 +0.0186 +0.0260 -0.04 0.999 +0.0187 +0.0381
1.740 move +0.0560 +0.0000 +0.0192 +0.0268 -0.01 0.999 +0.0193 +0.0081
1.760 move +0.0560 +0.0000 +0.0199 +0.0275 -0.07 0.999 +0.0199 +0.0446
1.780 move +0.0560 +0.0000 +0.0205 +0.0281 -0.06 0.999 +0.0204 +0.0144
1.800 move +0.0560 +0.0000 +0.0213 +0.0287 -0.11 0.999 +0.0209 +0.0485
1.820 move +0.0560 +0.0000 +0.0221 +0.0291 -0.09 0.999 +0.0212 +0.0183
1.840 move +0.0560 +0.0000 +0.0229 +0.0295 -0.15 0.998 +0.0215 +0.0477
1.860 move +0.0560 +0.0000 +0.0237 +0.0298 -0.14 0.998 +0.0217 +0.0175
1.880 move +0.0560 +0.0000 +0.0245 +0.0299 -0.20 0.998 +0.0219 +0.0432
1.900 move +0.0560 +0.0000 +0.0251 +0.0300 -0.20 0.998 +0.0219 +0.0142
1.920 move +0.0560 +0.0000 +0.0258 +0.0299 -0.24 0.997 +0.0218 +0.0364
1.940 move +0.0560 +0.0000 +0.0262 +0.0299 -0.26 0.997 +0.0507 +0.0004
1.960 move +0.0560 +0.0000 +0.0262 +0.0300 -0.40 0.997 +0.0507 -0.0084
1.980 move +0.0560 +0.0000 +0.0256 +0.0303 -0.39 0.997 +0.0509 -0.0374
2.000 move +0.0560 +0.0000 +0.0243 +0.0306 -0.24 0.997 +0.0518 -0.0646
2.020 move +0.0560 +0.0000 +0.0224 +0.0308 -0.09 0.998 +0.0532 -0.0890
2.040 move +0.0560 +0.0000 +0.0201 +0.0309 -0.01 0.998 +0.0532 -0.0991
2.060 move +0.0560 +0.0000 +0.0178 +0.0307 +0.03 0.999 +0.0533 -0.0936
2.080 move +0.0560 +0.0000 +0.0158 +0.0303 +0.03 0.999 +0.0536 -0.0788
2.100 move +0.0560 +0.0000 +0.0141 +0.0294 +0.03 0.999 +0.0542 -0.0613
2.120 move +0.0560 +0.0000 +0.0129 +0.0282 +0.03 0.999 +0.0209 -0.0427
2.140 move +0.0560 +0.0000 +0.0122 +0.0268 +0.05 0.999 +0.0197 -0.0248
2.160 move +0.0560 +0.0000 +0.0118 +0.0250 +0.06 1.000 +0.0183 -0.0081
2.180 move +0.0560 +0.0000 +0.0119 +0.0229 +0.06 1.000 +0.0167 +0.0067
2.200 move +0.0560 +0.0000 +0.0122 +0.0207 +0.06 1.000 +0.0610 +0.0172
2.220 move +0.0560 +0.0000 +0.0127 +0.0184 +0.06 1.000 +0.0629 +0.0211
2.240 move +0.0560 +0.0000 +0.0132 +0.0160 +0.05 1.000 +0.0647 +0.0197
2.260 move +0.0560 +0.0000 +0.0137 +0.0138 +0.05 1.000 +0.0657 +0.0156
2.280 move +0.0560 +0.0000 +0.0140 +0.0116 +0.05 1.000 +0.0661 +0.0108
2.300 move +0.0560 +0.0000 +0.0141 +0.0096 +0.05 1.000 +0.0666 +0.0060
2.320 move +0.0560 +0.0000 +0.0142 +0.0077 +0.04 1.000 +0.0672 +0.0016
2.340 move +0.0560 +0.0000 +0.0142 +0.0059 +0.03 1.000 +0.0678 -0.0021
2.360 move +0.0560 +0.0000 +0.0141 +0.0041 +0.02 1.000 +0.0684 -0.0049
2.380 move +0.0560 +0.0000 +0.0139 +0.0024 +0.01 1.000 +0.0691 -0.0067
2.400 move +0.0560 +0.0000 +0.0138 +0.0007 -0.00 1.000 +0.0697 -0.0075
2.420 move +0.0560 +0.0000 +0.0136 -0.0010 -0.02 1.000 +0.0704 -0.0076
2.440 move +0.0560 +0.0000 +0.0134 -0.0027 -0.03 1.000 +0.0711 -0.0070
2.460 move +0.0560 +0.0000 +0.0133 -0.0045 -0.05 1.000 +0.0718 -0.0060
2.480 move +0.0560 +0.0000 +0.0131 -0.0063 -0.06 1.000 +0.0709 -0.0048
2.500 move +0.0560 +0.0000 +0.0130 -0.0082 -0.07 1.000 +0.0693 -0.0035
2.520 move +0.0560 +0.0000 +0.0130 -0.0103 -0.08 1.000 +0.0676 -0.0023
2.540 move +0.0560 +0.0000 +0.0129 -0.0125 -0.08 1.000 +0.0658 -0.0013
2.560 move +0.0560 +0.0000 +0.0129 -0.0149 -0.08 1.000 +0.0639 -0.0006
2.580 move +0.0560 +0.0000 +0.0129 -0.0174 -0.08 1.000 +0.0619 -0.0016
2.600 move +0.0560 +0.0000 +0.0128 -0.0200 -0.07 1.000 +0.0598 -0.0034
2.620 move +0.0560 +0.0000 +0.0127 -0.0225 -0.07 0.999 +0.0578 -0.0057
2.640 move +0.0560 +0.0000 +0.0125 -0.0248 -0.06 0.999 +0.0559 -0.0078
2.660 move +0.0560 +0.0000 +0.0123 -0.0270 -0.06 0.999 +0.0542 -0.0092
2.680 move +0.0560 +0.0000 +0.0121 -0.0289 -0.05 0.999 +0.0527 -0.0097
2.700 move +0.0560 +0.0000 +0.0118 -0.0306 -0.05 0.999 +0.0514 -0.0093
2.720 move +0.0560 +0.0000 +0.0116 -0.0320 -0.06 0.999 +0.0502 -0.0081
2.740 move +0.0560 +0.0000 +0.0114 -0.0332 -0.10 0.999 +0.0494 -0.0053
2.760 move +0.0560 +0.0000 +0.0111 -0.0340 -0.19 0.999 +0.0272 -0.0047
2.780 move +0.0560 +0.0000 +0.0115 -0.0343 -0.00 0.999 +0.0274 +0.0406
2.800 move +0.0560 +0.0000 +0.0121 -0.0342 +0.04 0.999 +0.0272 +0.0340
2.820 move +0.0560 +0.0000 +0.0131 -0.0339 +0.04 0.999 +0.0269 +0.0752
2.840 move +0.0560 +0.0000 +0.0143 -0.0333 -0.05 0.999 +0.0263 +0.0513
2.860 move +0.0560 +0.0000 +0.0158 -0.0324 -0.09 0.999 +0.0256 +0.0855
2.880 move +0.0560 +0.0000 +0.0172 -0.0314 -0.18 1.000 +0.0247 +0.0578
2.900 move +0.0560 +0.0000 +0.0189 -0.0302 -0.20 1.000 +0.0237 +0.0918
2.920 move +0.0560 +0.0000 +0.0204 -0.0289 -0.29 1.000 +0.0226 +0.0572
2.940 move +0.0560 +0.0000 +0.0221 -0.0275 -0.29 1.000 +0.0214 +0.0909
2.960 move +0.0560 +0.0000 +0.0236 -0.0261 -0.36 1.000 +0.0202 +0.0513
2.980 move +0.0560 +0.0000 +0.0251 -0.0247 -0.35 1.000 +0.0190 +0.0822
3.000 move +0.0560 +0.0000 +0.0265 -0.0234 -0.41 1.000 +0.0179 +0.0444
3.020 move +0.0560 +0.0000 +0.0279 -0.0221 -0.37 0.999 +0.0169 +0.0743
3.040 move +0.0560 +0.0000 +0.0291 -0.0209 -0.42 0.999 +0.0159 +0.0387
3.060 move +0.0560 +0.0000 +0.0303 -0.0199 -0.41 0.999 +0.0151 +0.0611
3.080 move +0.0560 +0.0000 +0.0312 -0.0190 -0.46 0.999 +0.0143 +0.0265
3.100 move +0.0560 +0.0000 +0.0321 -0.0182 -0.45 0.999 +0.0137 +0.0454
3.120 move +0.0560 +0.0000 +0.0326 -0.0176 -0.50 0.998 +0.0132 +0.0113
3.140 move +0.0560 +0.0000 +0.0331 -0.0171 -0.62 0.998 +0.0128 +0.0256
3.160 move +0.0560 +0.0000 +0.0334 -0.0169 -0.75 0.998 +0.0128 -0.0123
3.180 move +0.0560 +0.0000 +0.0336 -0.0169 -0.59 0.997 +0.0131 +0.0063
3.200 move +0.0560 +0.0000 +0.0335 -0.0170 -0.41 0.996 +0.0134 -0.0270
3.220 move +0.0560 +0.0000 +0.0334 -0.0172 -0.20 0.996 +0.0137 +0.0012
3.240 move +0.0560 +0.0000 +0.0331 -0.0175 -0.15 0.996 +0.0141 -0.0314
3.260 move +0.0560 +0.0000 +0.0327 -0.0178 -0.00 0.996 +0.0144 -0.0094
3.280 move +0.0560 +0.0000 +0.0321 -0.0183 -0.02 0.996 +0.0148 -0.0378
3.300 move +0.0560 +0.0000 +0.0316 -0.0188 -0.02 0.996 +0.0153 -0.0063
3.320 move +0.0560 +0.0000 +0.0309 -0.0195 -0.12 0.997 +0.0158 -0.0415
3.340 move +0.0560 +0.0000 +0.0303 -0.0202 -0.13 0.997 +0.0164 -0.0096
3.360 move +0.0560 +0.0000 +0.0295 -0.0209 -0.21 0.998 +0.0170 -0.0462
3.380 move +0.0560 +0.0000 +0.0289 -0.0216 -0.19 0.998 +0.0176 -0.0106
3.400 move +0.0560 +0.0000 +0.0281 -0.0224 -0.27 0.998 +0.0182 -0.0443
3.420 move +0.0560 +0.0000 +0.0276 -0.0231 -0.27 0.998 +0.0188 -0.0046
3.440 move +0.0560 +0.0000 +0.0270 -0.0238 -0.33 0.999 +0.0194 -0.0423
3.460 move +0.0560 +0.0000 +0.0266 -0.0244 -0.28 0.999 +0.0199 -0.0001
3.480 move +0.0560 +0.0000 +0.0261 -0.0249 -0.31 0.999 +0.0204 -0.0365
3.500 move +0.0560 +0.0000 +0.0259 -0.0254 -0.26 0.999 +0.0208 +0.0083
3.520 move +0.0560 +0.0000 +0.0256 -0.0258 -0.30 0.999 +0.0211 -0.0293
3.540 move +0.0560 +0.0000 +0.0256 -0.0261 -0.26 0.999 +0.0214 +0.0173
3.560 move +0.0560 +0.0000 +0.0255 -0.0264 -0.31 0.999 +0.0216 -0.0211
3.580 move +0.0560 +0.0000 +0.0257 -0.0265 -0.27 0.999 +0.0217 +0.0254
3.600 move +0.0560 +0.0000 +0.0258 -0.0266 -0.33 0.999 +0.0218 -0.0140
3.620 move +0.0560 +0.0000 +0.0260 -0.0267 -0.25 0.999 +0.0218 +0.0296
3.640 move +0.0560 +0.0000 +0.0262 -0.0266 -0.24 0.999 +0.0217 -0.0123
3.660 move +0.0560 +0.0000 +0.0265 -0.0266 -0.14 0.999 +0.0217 +0.0165
3.680 move +0.0560 +0.0000 +0.0265 -0.0266 -0.13 0.999 +0.0218 -0.0171
3.700 move +0.0560 +0.0000 +0.0267 -0.0266 -0.03 0.999 +0.0219 +0.0140
3.720 move +0.0560 +0.0000 +0.0267 -0.0269 -0.01 0.999 +0.0221 -0.0197
3.740 move +0.0560 +0.0000 +0.0267 -0.0273 +0.10 0.999 +0.0224 +0.0117
3.760 move +0.0560 +0.0000 +0.0266 -0.0278 +0.12 0.999 +0.0229 -0.0266
3.780 move +0.0560 +0.0000 +0.0264 -0.0284 +0.22 0.999 +0.0234 +0.0044
3.800 move +0.0560 +0.0000 +0.0261 -0.0291 +0.22 0.999 +0.0240 -0.0354
3.820 move +0.0560 +0.0000 +0.0257 -0.0298 +0.38 0.999 +0.0246 -0.0158
3.840 move +0.0560 +0.0000 +0.0251 -0.0307 +0.49 0.999 +0.0253 -0.0468
3.860 move +0.0560 +0.0000 +0.0247 -0.0316 +0.66 0.999 +0.0261 -0.0079
3.880 move +0.0560 +0.0000 +0.0243 -0.0327 +0.72 0.998 +0.0270 -0.0418
3.900 move +0.0560 +0.0000 +0.0239 -0.0337 +0.84 0.998 +0.0278 -0.0042
3.920 move +0.0560 +0.0000 +0.0235 -0.0348 +0.86 0.998 +0.0287 -0.0361
3.940 move +0.0560 +0.0000 +0.0232 -0.0358 +0.95 0.998 +0.0296 +0.0016
3.960 move +0.0560 +0.0000 +0.0229 -0.0369 +0.97 0.998 +0.0305 -0.0254
3.980 move +0.0560 +0.0000 +0.0228 -0.0379 +1.06 0.997 +0.0314 +0.0101
4.000 move +0.0560 +0.0000 +0.0227 -0.0389 +1.05 0.997 +0.0322 -0.0208
4.020 move +0.0560 +0.0000 +0.0227 -0.0398 +1.12 0.997 +0.0329 +0.0125
4.040 move +0.0560 +0.0000 +0.0226 -0.0407 +1.12 0.996 +0.0336 -0.0171
4.060 move +0.0560 +0.0000 +0.0226 -0.0414 +1.20 0.996 +0.0342 +0.0133
4.080 move +0.0560 +0.0000 +0.0226 -0.0421 +1.20 0.995 +0.0348 -0.0147
4.100 move +0.0560 +0.0000 +0.0227 -0.0426 +1.28 0.995 +0.0352 +0.0140
4.120 move +0.0560 +0.0000 +0.0226 -0.0431 +1.28 0.995 +0.0356 -0.0132
4.140 move +0.0560 +0.0000 +0.0227 -0.0435 +1.35 0.995 +0.0359 +0.0143
4.160 move +0.0560 +0.0000 +0.0227 -0.0438 +1.34 0.994 +0.0361 -0.0124
4.180 move +0.0560 +0.0000 +0.0228 -0.0440 +1.41 0.994 +0.0363 +0.0141
4.200 move +0.0560 +0.0000 +0.0227 -0.0441 +1.40 0.994 +0.0364 -0.0123
4.220 move +0.0560 +0.0000 +0.0228 -0.0442 +1.46 0.994 +0.0364 +0.0133
4.240 move +0.0560 +0.0000 +0.0225 -0.0441 +1.41 0.994 +0.0363 -0.0272
4.260 move +0.0560 +0.0000 +0.0214 -0.0438 +1.26 0.994 +0.0361 -0.0580
4.280 move +0.0560 +0.0000 +0.0197 -0.0431 +1.13 0.994 +0.0356 -0.0794
4.300 move +0.0560 +0.0000 +0.0176 -0.0422 +1.01 0.994 +0.0349 -0.0913
4.320 move +0.0560 +0.0000 +0.0153 -0.0411 +0.91 0.995 +0.0340 -0.0939
4.340 move +0.0560 +0.0000 +0.0131 -0.0397 +0.83 0.995 +0.0330 -0.0879
4.360 move +0.0560 +0.0000 +0.0112 -0.0381 +0.77 0.995 +0.0317 -0.0757
4.380 move +0.0560 +0.0000 +0.0096 -0.0364 +0.72 0.995 +0.0304 -0.0597
4.400 move +0.0560 +0.0000 +0.0084 -0.0346 +0.69 0.995 +0.0290 -0.0417
4.420 move +0.0560 +0.0000 +0.0077 -0.0327 +0.68 0.995 +0.0274 -0.0234
4.440 move +0.0560 +0.0000 +0.0074 -0.0308 +0.66 0.995 +0.0258 -0.0069
4.460 move +0.0560 +0.0000 +0.0075 -0.0285 +0.63 0.996 +0.0236 +0.0089
4.480 move +0.0560 +0.0000 +0.0079 -0.0258 +0.57 0.997 +0.0212 +0.0220
4.500 move +0.0560 +0.0000 +0.0085 -0.0227 +0.58 0.998 +0.0186 +0.0302
4.520 move +0.0560 +0.0000 +0.0093 -0.0193 +0.60 0.999 +0.0158 +0.0351
4.540 move +0.0560 +0.0000 +0.0101 -0.0157 +0.60 0.999 +0.0128 +0.0379
4.560 move +0.0560 +0.0000 +0.0110 -0.0119 +0.60 1.000 +0.0662 +0.0337
4.580 move +0.0560 +0.0000 +0.0116 -0.0082 +0.63 1.000 +0.0670 +0.0230
4.600 move +0.0560 +0.0000 +0.0119 -0.0045 +0.64 1.000 +0.0675 +0.0146
4.620 move +0.0560 +0.0000 +0.0121 -0.0009 +0.65 1.000 +0.0679 +0.0070
4.640 move +0.0560 +0.0000 +0.0122 +0.0026 +0.65 1.000 +0.0681 +0.0005
4.660 move +0.0560 +0.0000 +0.0120 +0.0062 +0.65 1.000 +0.0681 -0.0045
4.680 move +0.0560 +0.0000 +0.0118 +0.0099 +0.64 0.999 +0.0679 -0.0085
4.700 move +0.0560 +0.0000 +0.0115 +0.0133 +0.65 0.999 +0.0660 -0.0100
4.720 move +0.0560 +0.0000 +0.0113 +0.0164 +0.65 0.999 +0.0636 -0.0094
4.740 move +0.0560 +0.0000 +0.0110 +0.0190 +0.65 0.998 +0.0615 -0.0075
4.760 move +0.0560 +0.0000 +0.0109 +0.0211 +0.65 0.998 +0.0599 -0.0049
4.780 move +0.0560 +0.0000 +0.0108 +0.0228 +0.65 0.998 +0.0586 -0.0022
4.800 move +0.0560 +0.0000 +0.0107 +0.0240 +0.64 0.998 +0.0577 +0.0002
4.820 move +0.0560 +0.0000 +0.0107 +0.0249 +0.64 0.998 +0.0571 +0.0019
4.840 move +0.0560 +0.0000 +0.0108 +0.0254 +0.63 0.999 +0.0568 +0.0030
4.860 move +0.0560 +0.0000 +0.0109 +0.0258 +0.63 0.999 +0.0566 +0.0034
4.880 move +0.0560 +0.0000 +0.0110 +0.0261 +0.62 0.999 +0.0565 +0.0032
4.900 move +0.0560 +0.0000 +0.0110 +0.0263 +0.62 0.999 +0.0565 +0.0025
4.920 move +0.0560 +0.0000 +0.0111 +0.0265 +0.62 0.999 +0.0564 +0.0016
4.940 move +0.0560 +0.0000 +0.0111 +0.0269 +0.62 1.000 +0.0562 +0.0006
4.960 move +0.0560 +0.0000 +0.0111 +0.0274 +0.62 1.000 +0.0559 -0.0002
4.980 move +0.0560 +0.0000 +0.0110 +0.0280 +0.62 1.000 +0.0555 -0.0007
5.000 move +0.0560 +0.0000 +0.0110 +0.0288 +0.65 1.000 +0.0550 +0.0019
5.020 move +0.0560 +0.0000 +0.0110 +0.0295 +0.68 1.000 +0.0215 -0.0008
5.040 move +0.0560 +0.0000 +0.0119 +0.0301 +0.60 1.000 +0.0218 +0.0850
5.060 move +0.0560 +0.0000 +0.0131 +0.0305 +0.63 0.999 +0.0221 +0.0738
5.080 move +0.0560 +0.0000 +0.0147 +0.0307 +0.64 0.999 +0.0222 +0.1009
5.100 move +0.0560 +0.0000 +0.0162 +0.0308 +0.75 0.999 +0.0223 +0.0573
5.120 move +0.0560 +0.0000 +0.0179 +0.0307 +0.70 0.999 +0.0222 +0.0911
5.140 move +0.0560 +0.0000 +0.0195 +0.0306 +0.69 1.000 +0.0221 +0.0442
5.160 move +0.0560 +0.0000 +0.0211 +0.0303 +0.56 1.000 +0.0219 +0.0875
5.180 move +0.0560 +0.0000 +0.0227 +0.0300 +0.55 1.000 +0.0216 +0.0442
5.200 move +0.0560 +0.0000 +0.0244 +0.0296 +0.46 1.000 +0.0213 +0.0877
5.220 move +0.0560 +0.0000 +0.0259 +0.0292 +0.49 1.000 +0.0209 +0.0449
5.240 move +0.0560 +0.0000 +0.0275 +0.0287 +0.42 1.000 +0.0206 +0.0870
5.260 move +0.0560 +0.0000 +0.0290 +0.0283 +0.45 1.000 +0.0202 +0.0451
5.280 move +0.0560 +0.0000 +0.0306 +0.0278 +0.39 1.000 +0.0198 +0.0838
5.300 move +0.0560 +0.0000 +0.0321 +0.0273 +0.41 0.999 +0.0194 +0.0425
5.320 move +0.0560 +0.0000 +0.0335 +0.0268 +0.36 0.999 +0.0190 +0.0732
5.340 move +0.0560 +0.0000 +0.0347 +0.0264 +0.39 0.999 +0.0186 +0.0321
5.360 move +0.0560 +0.0000 +0.0358 +0.0260 +0.34 0.998 +0.0183 +0.0559
5.380 move +0.0560 +0.0000 +0.0366 +0.0257 +0.35 0.998 +0.0180 +0.0171
5.400 move +0.0560 +0.0000 +0.0373 +0.0254 +0.31 0.998 +0.0178 +0.0380
5.420 move +0.0560 +0.0000 +0.0377 +0.0251 +0.34 0.997 +0.0176 +0.0004
5.440 move +0.0560 +0.0000 +0.0379 +0.0249 +0.33 0.997 +0.0174 +0.0187
5.460 move +0.0560 +0.0000 +0.0378 +0.0248 +0.38 0.997 +0.0173 -0.0178
5.480 move +0.0560 +0.0000 +0.0376 +0.0247 +0.36 0.998 +0.0172 -0.0006
5.500 move +0.0560 +0.0000 +0.0371 +0.0246 +0.41 0.998 +0.0172 -0.0351
5.520 move +0.0560 +0.0000 +0.0365 +0.0246 +0.30 0.998 +0.0171 -0.0227
5.540 move +0.0560 +0.0000 +0.0356 +0.0247 +0.30 0.998 +0.0172 -0.0484
5.560 move +0.0560 +0.0000 +0.0347 +0.0248 +0.30 0.998 +0.0173 -0.0251
5.580 move +0.0560 +0.0000 +0.0336 +0.0249 +0.39 0.999 +0.0174 -0.0559
5.600 move +0.0560 +0.0000 +0.0326 +0.0251 +0.40 0.999 +0.0175 -0.0303
5.620 move +0.0560 +0.0000 +0.0314 +0.0253 +0.46 0.999 +0.0177 -0.0609
5.640 move +0.0560 +0.0000 +0.0304 +0.0255 +0.44 0.999 +0.0179 -0.0301
5.660 move +0.0560 +0.0000 +0.0293 +0.0257 +0.52 1.000 +0.0181 -0.0570
5.680 move +0.0560 +0.0000 +0.0284 +0.0259 +0.52 1.000 +0.0182 -0.0217
5.700 move +0.0560 +0.0000 +0.0275 +0.0261 +0.58 1.000 +0.0185 -0.0525
5.720 move +0.0560 +0.0000 +0.0268 +0.0264 +0.54 1.000 +0.0186 -0.0138
5.740 move +0.0560 +0.0000 +0.0261 +0.0266 +0.57 1.000 +0.0188 -0.0442
5.760 move +0.0560 +0.0000 +0.0257 +0.0268 +0.51 1.000 +0.0190 -0.0013
5.780 move +0.0560 +0.0000 +0.0253 +0.0270 +0.55 1.000 +0.0192 -0.0330
5.800 move +0.0560 +0.0000 +0.0251 +0.0272 +0.50 1.000 +0.0194 +0.0121
5.820 move +0.0560 +0.0000 +0.0250 +0.0274 +0.55 1.000 +0.0195 -0.0210
5.840 move +0.0560 +0.0000 +0.0251 +0.0275 +0.50 1.000 +0.0196 +0.0245
5.860 move +0.0560 +0.0000 +0.0253 +0.0277 +0.55 1.000 +0.0197 -0.0099
5.880 move +0.0560 +0.0000 +0.0256 +0.0278 +0.46 1.000 +0.0198 +0.0323
5.900 move +0.0560 +0.0000 +0.0260 +0.0279 +0.48 1.000 +0.0199 +0.0000
5.920 move +0.0560 +0.0000 +0.0266 +0.0280 +0.43 1.000 +0.0199 +0.0448
5.940 move +0.0560 +0.0000 +0.0272 +0.0280 +0.48 1.000 +0.0199 +0.0083
5.960 move +0.0560 +0.0000 +0.0280 +0.0281 +0.44 1.000 +0.0199 +0.0498
5.980 move +0.0560 +0.0000 +0.0286 +0.0281 +0.48 1.000 +0.0198 +0.0121
6.000 move +0.0560 +0.0000 +0.0295 +0.0280 +0.43 1.000 +0.0198 +0.0510
6.020 move +0.0560 +0.0000 +0.0302 +0.0279 +0.40 0.999 +0.0197 +0.0103
6.040 move +0.0560 +0.0000 +0.0310 +0.0278 +0.35 0.999 +0.0196 +0.0514
6.060 move +0.0560 +0.0000 +0.0317 +0.0277 +0.43 0.999 +0.0194 +0.0157
6.080 move +0.0560 +0.0000 +0.0325 +0.0276 +0.43 0.999 +0.0193 +0.0462
6.100 move +0.0560 +0.0000 +0.0331 +0.0274 +0.46 0.999 +0.0191 +0.0084
6.120 move +0.0560 +0.0000 +0.0335 +0.0273 +0.37 0.999 +0.0570 +0.0208
6.140 move +0.0560 +0.0000 +0.0334 +0.0275 +0.27 0.998 +0.0568 -0.0290
6.160 move +0.0560 +0.0000 +0.0329 +0.0282 +0.15 0.998 +0.0564 -0.0307
6.180 move +0.0560 +0.0000 +0.0317 +0.0292 +0.07 0.998 +0.0556 -0.0719
6.200 move +0.0560 +0.0000 +0.0299 +0.0304 +0.15 0.999 +0.0547 -0.0818
6.220 move +0.0560 +0.0000 +0.0277 +0.0314 +0.30 0.999 +0.0537 -0.0937
6.240 move +0.0560 +0.0000 +0.0253 +0.0322 +0.39 0.999 +0.0530 -0.0960
6.260 move +0.0560 +0.0000 +0.0231 +0.0327 +0.46 0.999 +0.0524 -0.0842
6.280 move +0.0560 +0.0000 +0.0214 +0.0328 +0.51 0.999 +0.0522 -0.0663
6.300 move +0.0560 +0.0000 +0.0201 +0.0326 +0.52 0.999 +0.0523 -0.0463
6.320 move +0.0560 +0.0000 +0.0193 +0.0320 +0.52 0.999 +0.0527 -0.0256
6.340 move +0.0560 +0.0000 +0.0190 +0.0310 +0.51 0.999 +0.0535 -0.0056
6.360 move +0.0560 +0.0000 +0.0192 +0.0297 +0.51 0.999 +0.0545 +0.0101
6.380 move +0.0560 +0.0000 +0.0196 +0.0281 +0.50 0.999 +0.0557 +0.0211
6.400 move +0.0560 +0.0000 +0.0202 +0.0263 +0.49 0.999 +0.0571 +0.0266
6.420 move +0.0560 +0.0000 +0.0209 +0.0244 +0.47 0.999 +0.0586 +0.0265
6.440 move +0.0560 +0.0000 +0.0215 +0.0225 +0.45 0.999 +0.0602 +0.0224
6.460 move +0.0560 +0.0000 +0.0220 +0.0206 +0.44 0.999 +0.0617 +0.0161
6.480 move +0.0560 +0.0000 +0.0222 +0.0188 +0.44 0.999 +0.0631 +0.0091
6.500 move +0.0560 +0.0000 +0.0224 +0.0170 +0.44 0.999 +0.0644 +0.0024
6.520 move +0.0560 +0.0000 +0.0224 +0.0154 +0.44 0.999 +0.0656 -0.0032
6.540 move +0.0560 +0.0000 +0.0222 +0.0139 +0.44 0.999 +0.0667 -0.0074
6.560 move +0.0560 +0.0000 +0.0220 +0.0126 +0.43 0.999 +0.0677 -0.0100
6.580 move +0.0560 +0.0000 +0.0218 +0.0113 +0.43 0.999 +0.0686 -0.0110
6.600 move +0.0560 +0.0000 +0.0215 +0.0101 +0.42 0.999 +0.0695 -0.0108
6.620 move +0.0560 +0.0000 +0.0213 +0.0090 +0.41 0.999 +0.0703 -0.0096
6.640 move +0.0560 +0.0000 +0.0211 +0.0079 +0.40 0.999 +0.0710 -0.0077
6.660 move +0.0560 +0.0000 +0.0209 +0.0069 +0.39 0.999 +0.0717 -0.0055
6.680 move +0.0560 +0.0000 +0.0208 +0.0058 +0.37 0.999 +0.0724 -0.0034
6.700 move +0.0560 +0.0000 +0.0208 +0.0047 +0.36 0.999 +0.0732 -0.0014
6.720 move +0.0560 +0.0000 +0.0208 +0.0036 +0.34 0.999 +0.0739 +0.0001
6.740 move +0.0560 +0.0000 +0.0208 +0.0025 +0.33 0.999 +0.0747 +0.0011
6.760 move +0.0560 +0.0000 +0.0209 +0.0013 +0.31 0.999 +0.0750 +0.0015
6.780 move +0.0560 +0.0000 +0.0209 -0.0000 +0.30 0.999 +0.0748 +0.0016
6.800 move +0.0560 +0.0000 +0.0209 -0.0013 +0.28 0.999 +0.0745 +0.0012
6.820 move +0.0560 +0.0000 +0.0210 -0.0027 +0.26 0.999 +0.0743 +0.0006
6.840 move +0.0560 +0.0000 +0.0210 -0.0042 +0.24 0.999 +0.0731 -0.0000
6.860 move +0.0560 +0.0000 +0.0210 -0.0058 +0.23 0.999 +0.0717 -0.0007
6.880 move +0.0560 +0.0000 +0.0210 -0.0074 +0.21 0.999 +0.0704 -0.0013
6.900 move +0.0560 +0.0000 +0.0209 -0.0092 +0.20 0.999 +0.0689 -0.0017
6.920 move +0.0560 +0.0000 +0.0209 -0.0110 +0.19 0.999 +0.0674 -0.0019
6.940 move +0.0560 +0.0000 +0.0208 -0.0130 +0.18 0.999 +0.0658 -0.0020
6.960 move +0.0560 +0.0000 +0.0209 -0.0152 +0.14 0.999 +0.0641 +0.0053
6.980 move +0.0560 +0.0000 +0.0209 -0.0176 +0.06 0.999 +0.0622 +0.0086
7.000 move +0.0560 +0.0000 +0.0217 -0.0201 +0.02 0.999 +0.0602 +0.0788
7.020 move +0.0560 +0.0000 +0.0229 -0.0225 +0.01 0.999 +0.0583 +0.0754
7.040 move +0.0560 +0.0000 +0.0244 -0.0246 +0.03 0.999 +0.0195 +0.0853
7.060 move +0.0560 +0.0000 +0.0258 -0.0264 -0.03 0.999 +0.0209 +0.0672
7.080 move +0.0560 +0.0000 +0.0275 -0.0279 -0.07 0.999 +0.0222 +0.0865
7.100 move +0.0560 +0.0000 +0.0290 -0.0291 -0.15 0.999 +0.0232 +0.0624
7.120 move +0.0560 +0.0000 +0.0308 -0.0300 -0.14 0.999 +0.0240 +0.0916
7.140 move +0.0560 +0.0000 +0.0323 -0.0306 -0.19 0.999 +0.0245 +0.0533
7.160 move +0.0560 +0.0000 +0.0340 -0.0309 -0.15 1.000 +0.0247 +0.0883
7.180 move +0.0560 +0.0000 +0.0354 -0.0309 -0.18 1.000 +0.0248 +0.0448
7.200 move +0.0560 +0.0000 +0.0370 -0.0308 -0.14 1.000 +0.0246 +0.0825
7.220 move +0.0560 +0.0000 +0.0383 -0.0304 -0.28 1.000 +0.0244 +0.0349
7.240 move +0.0560 +0.0000 +0.0396 -0.0301 -0.27 1.000 +0.0243 +0.0646
7.260 move +0.0560 +0.0000 +0.0407 -0.0297 -0.13 1.000 +0.0242 +0.0147
7.280 move +0.0560 +0.0000 +0.0419 -0.0291 +0.17 1.000 +0.0240 +0.0591
7.300 move +0.0560 +0.0000 +0.0429 -0.0284 +0.31 0.999 +0.0235 +0.0158
7.320 move +0.0560 +0.0000 +0.0438 -0.0275 +0.45 0.999 +0.0229 +0.0552
7.340 move +0.0560 +0.0000 +0.0446 -0.0266 +0.44 0.998 +0.0221 +0.0101
7.360 move +0.0560 +0.0000 +0.0452 -0.0256 +0.47 0.998 +0.0213 +0.0429
7.380 move +0.0560 +0.0000 +0.0456 -0.0246 +0.39 0.998 +0.0205 -0.0019
7.400 move +0.0560 +0.0000 +0.0459 -0.0237 +0.39 0.997 +0.0197 +0.0249
7.420 move +0.0560 +0.0000 +0.0459 -0.0229 +0.31 0.997 +0.0190 -0.0187
7.440 move +0.0560 +0.0000 +0.0457 -0.0220 +0.31 0.997 +0.0183 +0.0052
7.460 move +0.0560 +0.0000 +0.0453 -0.0213 +0.25 0.997 +0.0176 -0.0354
7.480 move +0.0560 +0.0000 +0.0446 -0.0207 +0.34 0.997 +0.0171 -0.0182
7.500 move +0.0560 +0.0000 +0.0438 -0.0202 +0.32 0.997 +0.0167 -0.0485
7.520 move +0.0560 +0.0000 +0.0430 -0.0198 +0.32 0.997 +0.0163 -0.0213
7.540 move +0.0560 +0.0000 +0.0419 -0.0195 +0.22 0.997 +0.0161 -0.0565
7.560 move +0.0560 +0.0000 +0.0409 -0.0193 +0.23 0.997 +0.0159 -0.0406
7.580 move +0.0560 +0.0000 +0.0395 -0.0191 +0.28 0.997 +0.0158 -0.0797
7.600 move +0.0560 +0.0000 +0.0382 -0.0191 +0.46 0.997 +0.0159 -0.0546
7.620 move +0.0560 +0.0000 +0.0368 -0.0194 +0.54 0.997 +0.0161 -0.0791
7.640 move +0.0560 +0.0000 +0.0356 -0.0197 +0.66 0.998 +0.0164 -0.0392
7.660 move +0.0560 +0.0000 +0.0344 -0.0202 +0.64 0.998 +0.0168 -0.0633
7.680 move +0.0560 +0.0000 +0.0334 -0.0208 +0.66 0.998 +0.0173 -0.0256
7.700 move +0.0560 +0.0000 +0.0324 -0.0215 +0.59 0.998 +0.0179 -0.0536
7.720 move +0.0560 +0.0000 +0.0317 -0.0222 +0.60 0.999 +0.0185 -0.0142
7.740 move +0.0560 +0.0000 +0.0309 -0.0230 +0.51 0.999 +0.0192 -0.0418
7.760 move +0.0560 +0.0000 +0.0305 -0.0238 +0.52 0.999 +0.0198 -0.0021
7.780 move +0.0560 +0.0000 +0.0300 -0.0246 +0.43 0.999 +0.0205 -0.0331
7.800 move +0.0560 +0.0000 +0.0297 -0.0253 +0.44 0.999 +0.0211 +0.0069
7.820 move +0.0560 +0.0000 +0.0294 -0.0259 +0.34 0.999 +0.0216 -0.0254
7.840 move +0.0560 +0.0000 +0.0293 -0.0265 +0.39 0.999 +0.0221 +0.0041
7.860 move +0.0560 +0.0000 +0.0291 -0.0271 +0.39 1.000 +0.0226 -0.0253
7.880 move +0.0560 +0.0000 +0.0291 -0.0277 +0.49 1.000 +0.0231 +0.0113
7.900 move +0.0560 +0.0000 +0.0290 -0.0283 +0.49 1.000 +0.0236 -0.0153
7.920 move +0.0560 +0.0000 +0.0293 -0.0289 +0.58 1.000 +0.0242 +0.0197
7.940 move +0.0560 +0.0000 +0.0294 -0.0295 +0.59 1.000 +0.0247 -0.0079
7.960 move +0.0560 +0.0000 +0.0297 -0.0302 +0.68 1.000 +0.0253 +0.0236
7.980 move +0.0560 +0.0000 +0.0299 -0.0309 +0.69 1.000 +0.0259 -0.0056
8.000 move +0.0560 +0.0000 +0.0302 -0.0315 +0.76 1.000 +0.0264 +0.0239
8.020 move +0.0560 +0.0000 +0.0304 -0.0321 +0.74 1.000 +0.0269 -0.0044
8.040 move +0.0560 +0.0000 +0.0308 -0.0327 +0.82 1.000 +0.0274 +0.0266
8.060 move +0.0560 +0.0000 +0.0310 -0.0334 +0.89 0.999 +0.0279 -0.0100
8.080 move +0.0560 +0.0000 +0.0314 -0.0340 +1.08 0.999 +0.0284 +0.0220
8.100 move +0.0560 +0.0000 +0.0317 -0.0346 +1.16 0.999 +0.0290 -0.0042
8.120 move +0.0560 +0.0000 +0.0321 -0.0352 +1.32 0.999 +0.0295 +0.0252
8.140 move +0.0560 +0.0000 +0.0325 -0.0359 +1.38 0.998 +0.0300 -0.0010
8.160 move +0.0560 +0.0000 +0.0329 -0.0365 +1.52 0.998 +0.0305 +0.0246
8.180 move +0.0560 +0.0000 +0.0332 -0.0371 +1.58 0.997 +0.0311 -0.0017
8.200 move +0.0560 +0.0000 +0.0336 -0.0377 +1.70 0.997 +0.0316 +0.0231
8.220 move +0.0560 +0.0000 +0.0338 -0.0383 +1.74 0.997 +0.0320 -0.0029
8.240 move +0.0560 +0.0000 +0.0341 -0.0389 +1.84 0.996 +0.0325 +0.0211
8.260 move +0.0560 +0.0000 +0.0343 -0.0394 +1.85 0.996 +0.0329 -0.0057
8.280 move +0.0560 +0.0000 +0.0344 -0.0398 +1.91 0.996 +0.0332 +0.0161
8.300 move +0.0560 +0.0000 +0.0344 -0.0403 +1.90 0.995 +0.0336 -0.0116
8.320 move +0.0560 +0.0000 +0.0344 -0.0406 +1.95 0.995 +0.0339 +0.0096
8.340 move +0.0560 +0.0000 +0.0343 -0.0409 +1.92 0.995 +0.0341 -0.0182
8.360 move +0.0560 +0.0000 +0.0341 -0.0412 +1.96 0.995 +0.0343 +0.0030
8.380 move +0.0560 +0.0000 +0.0338 -0.0415 +1.92 0.995 +0.0345 -0.0241
