Day-1 steer log
applied_vx is the clamped forward-gait command (amplitude 1 at 0.080 m/s), not a separate odometry claim. Reverse is a sagittal mirror at 0.032 m/s and is not a verified retreat; yaw is a hip-yaw bias and is not in this clip. Measured forward Δx=+0.640 m, mean body vx=+0.074 m/s. tip=False; CoP in box=True (outside 0.0000 m); peak leg torque=2.10 Nm (limit 2.1). Stance-slip damper is 25 N/(m/s), down from the CSF50 crawl's 115. Foot box, friction, kp, and ±2.1 Nm are unchanged.
fault=False reason=-
t mode applied_vx applied_yaw_rate x y yaw_deg up_z margin body_vx
0.000 stand +0.0000 +0.0000 +0.0002 -0.0000 +0.00 1.000 +0.0641 +0.0146
0.020 stand +0.0000 +0.0000 +0.0006 +0.0000 +0.00 1.000 +0.0638 +0.0154
0.040 stand +0.0000 +0.0000 +0.0010 +0.0000 +0.00 1.000 +0.0635 +0.0147
0.060 stand +0.0000 +0.0000 +0.0013 +0.0000 +0.00 1.000 +0.0632 +0.0140
0.080 stand +0.0000 +0.0000 +0.0016 +0.0001 +0.00 1.000 +0.0629 +0.0124
0.100 stand +0.0000 +0.0000 +0.0019 +0.0001 +0.00 1.000 +0.0627 +0.0104
0.120 stand +0.0000 +0.0000 +0.0021 +0.0001 +0.00 1.000 +0.0625 +0.0080
0.140 stand +0.0000 +0.0000 +0.0023 +0.0002 -0.00 1.000 +0.0624 +0.0055
0.160 stand +0.0000 +0.0000 +0.0023 +0.0002 -0.00 1.000 +0.0623 +0.0030
0.180 stand +0.0000 +0.0000 +0.0024 +0.0003 -0.00 1.000 +0.0623 +0.0007
0.200 stand +0.0000 +0.0000 +0.0024 +0.0003 -0.00 1.000 +0.0623 -0.0011
0.220 stand +0.0000 +0.0000 +0.0023 +0.0004 -0.00 1.000 +0.0624 -0.0024
0.240 stand +0.0000 +0.0000 +0.0022 +0.0005 -0.00 1.000 +0.0624 -0.0032
0.260 stand +0.0000 +0.0000 +0.0022 +0.0005 -0.00 1.000 +0.0625 -0.0036
0.280 stand +0.0000 +0.0000 +0.0021 +0.0006 -0.00 1.000 +0.0626 -0.0035
0.300 stand +0.0000 +0.0000 +0.0020 +0.0007 -0.00 1.000 +0.0627 -0.0032
0.320 stand +0.0000 +0.0000 +0.0019 +0.0008 -0.00 1.000 +0.0627 -0.0026
0.340 stand +0.0000 +0.0000 +0.0019 +0.0009 -0.00 1.000 +0.0628 -0.0019
0.360 stand +0.0000 +0.0000 +0.0018 +0.0010 -0.00 1.000 +0.0628 -0.0012
0.380 stand +0.0000 +0.0000 +0.0018 +0.0012 -0.00 1.000 +0.0628 -0.0005
0.400 stand +0.0000 +0.0000 +0.0018 +0.0014 -0.00 1.000 +0.0628 +0.0001
0.420 stand +0.0000 +0.0000 +0.0018 +0.0015 -0.01 1.000 +0.0628 +0.0006
0.440 stand +0.0000 +0.0000 +0.0018 +0.0017 -0.01 1.000 +0.0628 +0.0009
0.460 stand +0.0000 +0.0000 +0.0019 +0.0020 -0.01 1.000 +0.0627 +0.0010
0.480 stand +0.0000 +0.0000 +0.0019 +0.0023 -0.01 1.000 +0.0627 +0.0011
0.500 stand +0.0000 +0.0000 +0.0019 +0.0026 -0.01 1.000 +0.0627 +0.0010
0.520 stand +0.0000 +0.0000 +0.0019 +0.0029 -0.01 1.000 +0.0627 +0.0009
0.540 stand +0.0000 +0.0000 +0.0020 +0.0033 -0.01 1.000 +0.0627 +0.0007
0.560 stand +0.0000 +0.0000 +0.0020 +0.0037 -0.01 1.000 +0.0627 +0.0004
0.580 stand +0.0000 +0.0000 +0.0020 +0.0042 -0.02 1.000 +0.0627 +0.0002
0.600 stand +0.0000 +0.0000 +0.0020 +0.0048 -0.02 1.000 +0.0627 +0.0000
0.620 stand +0.0000 +0.0000 +0.0020 +0.0054 -0.02 1.000 +0.0627 -0.0001
0.640 stand +0.0000 +0.0000 +0.0020 +0.0061 -0.02 1.000 +0.0627 -0.0002
0.660 stand +0.0000 +0.0000 +0.0020 +0.0069 -0.03 1.000 +0.0627 -0.0003
0.680 stand +0.0000 +0.0000 +0.0020 +0.0078 -0.03 0.999 +0.0627 -0.0003
0.700 stand +0.0000 +0.0000 +0.0020 +0.0088 -0.03 0.999 +0.0627 -0.0003
0.720 stand +0.0000 +0.0000 +0.0019 +0.0100 -0.04 0.999 +0.0627 -0.0003
0.740 stand +0.0000 +0.0000 +0.0019 +0.0112 -0.04 0.999 +0.0627 -0.0013
0.760 stand +0.0000 +0.0000 +0.0019 +0.0124 -0.05 0.999 +0.0627 -0.0015
0.780 stand +0.0000 +0.0000 +0.0019 +0.0135 -0.05 0.998 +0.0628 -0.0018
0.800 stand +0.0000 +0.0000 +0.0018 +0.0143 -0.06 0.998 +0.0628 -0.0020
0.820 stand +0.0000 +0.0000 +0.0018 +0.0150 -0.06 0.998 +0.0628 -0.0020
0.840 stand +0.0000 +0.0000 +0.0017 +0.0153 -0.06 0.998 +0.0629 -0.0018
0.860 stand +0.0000 +0.0000 +0.0017 +0.0155 -0.06 0.998 +0.0629 -0.0015
0.880 stand +0.0000 +0.0000 +0.0017 +0.0154 -0.06 0.998 +0.0629 -0.0011
0.900 stand +0.0000 +0.0000 +0.0016 +0.0152 -0.06 0.998 +0.0629 -0.0006
0.920 stand +0.0000 +0.0000 +0.0016 +0.0148 -0.06 0.998 +0.0630 -0.0002
0.940 stand +0.0000 +0.0000 +0.0016 +0.0144 -0.05 0.998 +0.0629 +0.0003
0.960 stand +0.0000 +0.0000 +0.0016 +0.0139 -0.05 0.998 +0.0629 +0.0007
0.980 stand +0.0000 +0.0000 +0.0017 +0.0134 -0.05 0.998 +0.0629 +0.0011
1.000 move +0.0016 +0.0000 +0.0017 +0.0130 -0.04 0.998 +0.0629 +0.0013
1.020 move +0.0032 +0.0000 +0.0017 +0.0127 +0.00 0.998 +0.0629 +0.0005
1.040 move +0.0048 +0.0000 +0.0018 +0.0123 +0.09 0.999 +0.0628 +0.0034
1.060 move +0.0064 +0.0000 +0.0019 +0.0119 +0.18 0.999 +0.0628 +0.0075
1.080 move +0.0080 +0.0000 +0.0020 +0.0114 +0.26 0.999 +0.0628 +0.0122
1.100 move +0.0096 +0.0000 +0.0023 +0.0107 +0.32 0.998 +0.0626 +0.0179
1.120 move +0.0112 +0.0000 +0.0028 +0.0098 +0.36 0.998 +0.0624 +0.0250
1.140 move +0.0128 +0.0000 +0.0034 +0.0088 +0.39 0.998 +0.0621 +0.0341
1.160 move +0.0144 +0.0000 +0.0043 +0.0076 +0.39 0.998 +0.0617 +0.0644
1.180 move +0.0160 +0.0000 +0.0058 +0.0064 +0.43 0.998 +0.0609 +0.0865
1.200 move +0.0176 +0.0000 +0.0079 +0.0052 +0.50 0.999 +0.0598 +0.1206
1.220 move +0.0192 +0.0000 +0.0106 +0.0039 +0.53 0.999 +0.0578 +0.1242
1.240 move +0.0208 +0.0000 +0.0135 +0.0028 +0.49 0.999 +0.0554 +0.1198
1.260 move +0.0224 +0.0000 +0.0163 +0.0017 +0.30 0.999 +0.0528 +0.1040
1.280 move +0.0240 +0.0000 +0.0188 +0.0007 -0.04 0.998 +0.0502 +0.0926
1.300 move +0.0256 +0.0000 +0.0212 -0.0000 -0.26 0.998 +0.0484 +0.1015
1.320 move +0.0272 +0.0000 +0.0226 -0.0006 -0.44 0.997 +0.0497 +0.0236
1.340 move +0.0288 +0.0000 +0.0230 -0.0008 -0.64 0.996 -0.0002 -0.0112
1.360 move +0.0304 +0.0000 +0.0228 -0.0006 -0.79 0.996 -0.0001 -0.0272
1.380 move +0.0320 +0.0000 +0.0219 -0.0002 -0.92 0.996 -0.0000 -0.0454
1.400 move +0.0336 +0.0000 +0.0204 +0.0003 -1.04 0.996 -0.0002 -0.0670
1.420 move +0.0352 +0.0000 +0.0183 +0.0011 -1.14 0.997 -0.0005 -0.0915
1.440 move +0.0368 +0.0000 +0.0156 +0.0021 -1.16 0.997 -0.0011 -0.0927
1.460 move +0.0384 +0.0000 +0.0136 +0.0032 -1.05 0.998 +0.0590 -0.0291
1.480 move +0.0400 +0.0000 +0.0134 +0.0047 -0.88 0.998 +0.0589 +0.0251
1.500 move +0.0416 +0.0000 +0.0147 +0.0062 -0.66 0.999 +0.0576 +0.0799
1.520 move +0.0432 +0.0000 +0.0169 +0.0076 -0.60 0.999 -0.0058 +0.1183
1.540 move +0.0448 +0.0000 +0.0197 +0.0089 -0.44 1.000 +0.0534 +0.1383
1.560 move +0.0464 +0.0000 +0.0229 +0.0101 -0.14 1.000 +0.0533 +0.1541
1.580 move +0.0480 +0.0000 +0.0254 +0.0109 +0.01 0.999 +0.0568 +0.0463
1.600 move +0.0496 +0.0000 +0.0260 +0.0106 +0.15 0.998 +0.0575 -0.0324
1.620 move +0.0512 +0.0000 +0.0256 +0.0092 +0.30 0.996 +0.0076 -0.0691
1.640 move +0.0528 +0.0000 +0.0248 +0.0074 +0.38 0.995 +0.0066 -0.0532
1.660 move +0.0544 +0.0000 +0.0237 +0.0052 +0.35 0.993 +0.0052 -0.0542
1.680 move +0.0560 +0.0000 +0.0221 +0.0026 +0.25 0.993 +0.0035 -0.0664
1.700 move +0.0576 +0.0000 +0.0198 -0.0003 +0.16 0.993 +0.0013 -0.0849
1.720 move +0.0592 +0.0000 +0.0179 -0.0040 -0.08 0.994 -0.0017 -0.0211
1.740 move +0.0608 +0.0000 +0.0168 -0.0084 -0.45 0.995 -0.0054 +0.0014
1.760 move +0.0624 +0.0000 +0.0166 -0.0129 -0.98 0.996 -0.0092 +0.0451
1.780 move +0.0640 +0.0000 +0.0175 -0.0172 -1.27 0.997 +0.0612 +0.0682
1.800 move +0.0656 +0.0000 +0.0191 -0.0212 -1.69 0.998 -0.0154 +0.1194
1.820 move +0.0672 +0.0000 +0.0220 -0.0251 -2.41 0.998 -0.0184 +0.1778
1.840 move +0.0688 +0.0000 +0.0261 -0.0288 -3.43 0.998 +0.0665 +0.2155
1.860 move +0.0704 +0.0000 +0.0280 -0.0311 -4.06 0.997 +0.0646 +0.0095
1.880 move +0.0720 +0.0000 +0.0284 -0.0310 -4.17 0.996 +0.0218 -0.0452
1.900 move +0.0736 +0.0000 +0.0281 -0.0297 -4.40 0.991 +0.0216 -0.0668
1.920 move +0.0752 +0.0000 +0.0275 -0.0277 -4.63 0.986 +0.0209 -0.0559
1.940 move +0.0768 +0.0000 +0.0265 -0.0251 -4.64 0.980 +0.0194 -0.0594
1.960 move +0.0784 +0.0000 +0.0254 -0.0218 -4.44 0.976 +0.0171 -0.0244
1.980 move +0.0800 +0.0000 +0.0250 -0.0176 -4.18 0.974 +0.0138 +0.0116
2.000 move +0.0800 +0.0000 +0.0253 -0.0129 -3.83 0.973 +0.0098 +0.0685
2.020 move +0.0800 +0.0000 +0.0262 -0.0076 -3.19 0.974 +0.0052 +0.0775
2.040 move +0.0800 +0.0000 +0.0275 -0.0016 -1.84 0.976 +0.0009 +0.0806
2.060 move +0.0800 +0.0000 +0.0295 +0.0051 +0.41 0.980 +0.0688 +0.1064
2.080 move +0.0800 +0.0000 +0.0311 +0.0119 +2.98 0.987 +0.0666 +0.0417
2.100 move +0.0800 +0.0000 +0.0319 +0.0190 +6.01 0.992 +0.0704 +0.0587
2.120 move +0.0800 +0.0000 +0.0329 +0.0250 +8.69 0.996 +0.0735 +0.0568
2.140 move +0.0800 +0.0000 +0.0323 +0.0286 +9.97 0.998 +0.0744 -0.0498
2.160 move +0.0800 +0.0000 +0.0310 +0.0296 +9.71 0.998 +0.0731 -0.0774
2.180 move +0.0800 +0.0000 +0.0294 +0.0290 +9.74 0.996 +0.0135 -0.1186
2.200 move +0.0800 +0.0000 +0.0274 +0.0278 +10.04 0.991 +0.0138 -0.1325
2.220 move +0.0800 +0.0000 +0.0249 +0.0261 +10.30 0.985 +0.0137 -0.1385
2.240 move +0.0800 +0.0000 +0.0228 +0.0235 +10.05 0.979 +0.0124 -0.0778
2.260 move +0.0800 +0.0000 +0.0216 +0.0199 +9.54 0.975 +0.0097 -0.0199
2.280 move +0.0800 +0.0000 +0.0212 +0.0157 +8.81 0.972 +0.0062 +0.0109
2.300 move +0.0800 +0.0000 +0.0214 +0.0108 +7.42 0.971 +0.0024 +0.0203
2.320 move +0.0800 +0.0000 +0.0220 +0.0052 +4.95 0.972 +0.0775 +0.0193
2.340 move +0.0800 +0.0000 +0.0224 -0.0007 +1.70 0.977 +0.0740 -0.0213
2.360 move +0.0800 +0.0000 +0.0218 -0.0070 -2.52 0.982 -0.0033 -0.0001
2.380 move +0.0800 +0.0000 +0.0225 -0.0132 -5.79 0.986 -0.0059 +0.0861
2.400 move +0.0800 +0.0000 +0.0244 -0.0189 -8.67 0.989 +0.0751 +0.1236
2.420 move +0.0800 +0.0000 +0.0267 -0.0231 -10.42 0.993 -0.0091 +0.1284
2.440 move +0.0800 +0.0000 +0.0301 -0.0264 -11.64 0.994 +0.0751 +0.1617
2.460 move +0.0800 +0.0000 +0.0337 -0.0274 -11.72 0.992 +0.0751 +0.1507
2.480 move +0.0800 +0.0000 +0.0377 -0.0259 -11.41 0.990 +0.0097 +0.1635
2.500 move +0.0800 +0.0000 +0.0419 -0.0232 -11.06 0.987 +0.0073 +0.1697
2.520 move +0.0800 +0.0000 +0.0463 -0.0196 -10.72 0.985 +0.0040 +0.1924
2.540 move +0.0800 +0.0000 +0.0514 -0.0155 -10.35 0.984 -0.0002 +0.2396
2.560 move +0.0800 +0.0000 +0.0569 -0.0107 -9.75 0.985 -0.0049 +0.2432
2.580 move +0.0800 +0.0000 +0.0629 -0.0054 -8.88 0.987 -0.0102 +0.2619
2.600 move +0.0800 +0.0000 +0.0696 -0.0001 -8.02 0.991 +0.0646 +0.2724
2.620 move +0.0800 +0.0000 +0.0757 +0.0044 -7.54 0.995 -0.0188 +0.2301
2.640 move +0.0800 +0.0000 +0.0820 +0.0088 -6.86 0.997 -0.0228 +0.2909
2.660 move +0.0800 +0.0000 +0.0893 +0.0127 -5.69 0.998 +0.0613 +0.3201
2.680 move +0.0800 +0.0000 +0.0932 +0.0150 -4.92 0.997 +0.0587 +0.0652
2.700 move +0.0800 +0.0000 +0.0942 +0.0149 -4.62 0.994 +0.0281 -0.0628
2.720 move +0.0800 +0.0000 +0.0941 +0.0135 -4.49 0.987 +0.0280 -0.0628
2.740 move +0.0800 +0.0000 +0.0937 +0.0117 -4.54 0.980 +0.0273 -0.0431
2.760 move +0.0800 +0.0000 +0.0930 +0.0096 -4.83 0.972 +0.0258 -0.0293
2.780 move +0.0800 +0.0000 +0.0921 +0.0072 -5.25 0.967 +0.0237 -0.0064
2.800 move +0.0800 +0.0000 +0.0916 +0.0040 -5.55 0.964 +0.0209 +0.0389
2.820 move +0.0800 +0.0000 +0.0918 +0.0001 -5.77 0.964 +0.0175 +0.1043
2.840 move +0.0800 +0.0000 +0.0926 -0.0044 -6.13 0.965 +0.0137 +0.1141
2.860 move +0.0800 +0.0000 +0.0938 -0.0095 -6.98 0.969 +0.0099 +0.1225
2.880 move +0.0800 +0.0000 +0.0956 -0.0152 -8.59 0.973 +0.0069 +0.1676
2.900 move +0.0800 +0.0000 +0.0983 -0.0215 -10.25 0.979 +0.0654 +0.1757
2.920 move +0.0800 +0.0000 +0.1001 -0.0278 -12.27 0.987 +0.0694 +0.0808
2.940 move +0.0800 +0.0000 +0.1011 -0.0335 -14.44 0.993 +0.0692 +0.0603
2.960 move +0.0800 +0.0000 +0.1005 -0.0370 -15.85 0.997 +0.0695 -0.0481
2.980 move +0.0800 +0.0000 +0.0994 -0.0383 -16.01 1.000 +0.0708 -0.0807
3.000 move +0.0800 +0.0000 +0.0981 -0.0378 -15.95 0.999 +0.0036 -0.1190
3.020 move +0.0800 +0.0000 +0.0965 -0.0369 -15.93 0.997 +0.0043 -0.0932
3.040 move +0.0800 +0.0000 +0.0944 -0.0356 -15.86 0.994 +0.0043 -0.1059
3.060 move +0.0800 +0.0000 +0.0925 -0.0334 -15.68 0.990 +0.0036 -0.0671
3.080 move +0.0800 +0.0000 +0.0915 -0.0302 -15.34 0.986 +0.0016 -0.0270
3.100 move +0.0800 +0.0000 +0.0916 -0.0266 -14.89 0.983 -0.0014 +0.0394
3.120 move +0.0800 +0.0000 +0.0927 -0.0226 -14.15 0.981 -0.0049 +0.0607
3.140 move +0.0800 +0.0000 +0.0944 -0.0182 -13.01 0.981 -0.0085 +0.0854
3.160 move +0.0800 +0.0000 +0.0966 -0.0142 -12.20 0.983 +0.0747 +0.0643
3.180 move +0.0800 +0.0000 +0.0986 -0.0106 -11.53 0.984 -0.0146 +0.1070
3.200 move +0.0800 +0.0000 +0.1017 -0.0073 -10.77 0.984 -0.0176 +0.1424
3.220 move +0.0800 +0.0000 +0.1057 -0.0045 -9.49 0.984 -0.0199 +0.1818
3.240 move +0.0800 +0.0000 +0.1106 -0.0027 -8.53 0.984 -0.0216 +0.2174
3.260 move +0.0800 +0.0000 +0.1165 -0.0021 -7.36 0.984 +0.0626 +0.2612
3.280 move +0.0800 +0.0000 +0.1224 -0.0037 -6.91 0.983 +0.0649 +0.2522
3.300 move +0.0800 +0.0000 +0.1279 -0.0076 -7.05 0.982 +0.0187 +0.2639
3.320 move +0.0800 +0.0000 +0.1332 -0.0127 -7.35 0.980 +0.0153 +0.2703
3.340 move +0.0800 +0.0000 +0.1385 -0.0185 -7.69 0.978 +0.0113 +0.2950
3.360 move +0.0800 +0.0000 +0.1442 -0.0248 -8.05 0.978 +0.0069 +0.3350
3.380 move +0.0800 +0.0000 +0.1502 -0.0316 -8.57 0.980 +0.0020 +0.3441
3.400 move +0.0800 +0.0000 +0.1563 -0.0391 -9.33 0.984 -0.0032 +0.3514
3.420 move +0.0800 +0.0000 +0.1629 -0.0472 -10.50 0.989 -0.0079 +0.3927
3.440 move +0.0800 +0.0000 +0.1692 -0.0552 -11.40 0.994 +0.0533 +0.3055
3.460 move +0.0800 +0.0000 +0.1746 -0.0624 -12.49 0.998 +0.0511 +0.2910
3.480 move +0.0800 +0.0000 +0.1789 -0.0695 -13.22 1.000 +0.0510 +0.2318
3.500 move +0.0800 +0.0000 +0.1812 -0.0743 -13.77 0.999 +0.0223 +0.0626
3.520 move +0.0800 +0.0000 +0.1823 -0.0763 -13.76 0.994 +0.0245 -0.0328
3.540 move +0.0800 +0.0000 +0.1825 -0.0765 -13.76 0.986 +0.0254 -0.0882
3.560 move +0.0800 +0.0000 +0.1823 -0.0757 -13.79 0.975 +0.0255 -0.1008
3.580 move +0.0800 +0.0000 +0.1820 -0.0745 -13.59 0.965 +0.0249 -0.0675
3.600 move +0.0800 +0.0000 +0.1817 -0.0732 -13.10 0.958 +0.0236 -0.0340
3.620 move +0.0800 +0.0000 +0.1812 -0.0715 -12.49 0.954 +0.0218 -0.0201
3.640 move +0.0800 +0.0000 +0.1803 -0.0697 -11.84 0.954 +0.0195 -0.0072
3.660 move +0.0800 +0.0000 +0.1795 -0.0670 -11.26 0.957 +0.0170 +0.0095
3.680 move +0.0800 +0.0000 +0.1795 -0.0638 -10.71 0.962 +0.0142 +0.0333
3.700 move +0.0800 +0.0000 +0.1802 -0.0602 -10.23 0.969 +0.0112 +0.0782
3.720 move +0.0800 +0.0000 +0.1819 -0.0562 -9.88 0.976 +0.0079 +0.1129
3.740 move +0.0800 +0.0000 +0.1839 -0.0519 -9.62 0.984 +0.0660 +0.0516
3.760 move +0.0800 +0.0000 +0.1851 -0.0477 -8.85 0.991 +0.0700 -0.0174
3.780 move +0.0800 +0.0000 +0.1849 -0.0441 -7.69 0.996 +0.0713 -0.1102
3.800 move +0.0800 +0.0000 +0.1828 -0.0422 -7.18 0.999 +0.0734 -0.1377
3.820 move +0.0800 +0.0000 +0.1803 -0.0421 -6.98 1.000 +0.0752 -0.1281
3.840 move +0.0800 +0.0000 +0.1783 -0.0433 -6.83 0.999 +0.0762 -0.0700
3.860 move +0.0800 +0.0000 +0.1768 -0.0457 -6.80 0.997 +0.0762 -0.0247
3.880 move +0.0800 +0.0000 +0.1760 -0.0496 -6.97 0.994 +0.0749 +0.0276
3.900 move +0.0800 +0.0000 +0.1759 -0.0546 -7.28 0.991 -0.0065 +0.0731
3.920 move +0.0800 +0.0000 +0.1767 -0.0600 -7.74 0.990 -0.0108 +0.1261
3.940 move +0.0800 +0.0000 +0.1783 -0.0657 -8.56 0.989 -0.0151 +0.1516
3.960 move +0.0800 +0.0000 +0.1806 -0.0714 -9.50 0.990 +0.0666 +0.1720
3.980 move +0.0800 +0.0000 +0.1838 -0.0766 -10.31 0.992 -0.0224 +0.2259
4.000 move +0.0800 +0.0000 +0.1882 -0.0821 -11.39 0.993 -0.0252 +0.2892
4.020 move +0.0800 +0.0000 +0.1936 -0.0879 -12.65 0.994 -0.0282 +0.2977
4.040 move +0.0800 +0.0000 +0.1991 -0.0931 -14.43 0.994 +0.0570 +0.2609
4.060 move +0.0800 +0.0000 +0.2015 -0.0949 -15.41 0.994 +0.0565 +0.0276
4.080 move +0.0800 +0.0000 +0.2025 -0.0939 -15.54 0.992 +0.0288 -0.0389
4.100 move +0.0800 +0.0000 +0.2030 -0.0917 -15.79 0.987 +0.0280 -0.0619
4.120 move +0.0800 +0.0000 +0.2034 -0.0889 -16.09 0.980 +0.0267 -0.0420
4.140 move +0.0800 +0.0000 +0.2036 -0.0858 -16.12 0.973 +0.0249 -0.0340
4.160 move +0.0800 +0.0000 +0.2034 -0.0823 -15.92 0.968 +0.0223 -0.0251
4.180 move +0.0800 +0.0000 +0.2038 -0.0781 -15.61 0.966 +0.0190 +0.0121
4.200 move +0.0800 +0.0000 +0.2048 -0.0736 -15.25 0.965 +0.0150 +0.0649
4.220 move +0.0800 +0.0000 +0.2064 -0.0686 -14.74 0.966 +0.0106 +0.0661
4.240 move +0.0800 +0.0000 +0.2084 -0.0631 -13.83 0.969 +0.0060 +0.0682
4.260 move +0.0800 +0.0000 +0.2112 -0.0572 -12.25 0.973 +0.0732 +0.1055
4.280 move +0.0800 +0.0000 +0.2140 -0.0509 -10.50 0.980 +0.0735 +0.0303
4.300 move +0.0800 +0.0000 +0.2157 -0.0438 -7.99 0.987 +0.0783 -0.0090
4.320 move +0.0800 +0.0000 +0.2173 -0.0378 -5.81 0.991 -0.0080 +0.0655
4.340 move +0.0800 +0.0000 +0.2184 -0.0336 -4.16 0.995 +0.0758 -0.0004
4.360 move +0.0800 +0.0000 +0.2188 -0.0311 -4.07 0.995 +0.0733 -0.0102
4.380 move +0.0800 +0.0000 +0.2189 -0.0303 -4.31 0.993 +0.0721 -0.0046
4.400 move +0.0800 +0.0000 +0.2191 -0.0313 -4.39 0.988 +0.0720 +0.0154
4.420 move +0.0800 +0.0000 +0.2200 -0.0342 -4.45 0.983 +0.0735 +0.0749
4.440 move +0.0800 +0.0000 +0.2214 -0.0389 -4.69 0.979 +0.0091 +0.1097
4.460 move +0.0800 +0.0000 +0.2232 -0.0445 -5.08 0.977 +0.0047 +0.1362
4.480 move +0.0800 +0.0000 +0.2253 -0.0508 -5.78 0.978 -0.0005 +0.1495
4.500 move +0.0800 +0.0000 +0.2278 -0.0580 -7.02 0.982 +0.0723 +0.1582
4.520 move +0.0800 +0.0000 +0.2303 -0.0653 -9.25 0.987 -0.0094 +0.1416
4.540 move +0.0800 +0.0000 +0.2335 -0.0727 -11.73 0.992 -0.0124 +0.2309
4.560 move +0.0800 +0.0000 +0.2372 -0.0795 -13.70 0.996 -0.0152 +0.2575
4.580 move +0.0800 +0.0000 +0.2421 -0.0866 -15.35 0.998 +0.0686 +0.3175
4.600 move +0.0800 +0.0000 +0.2455 -0.0923 -16.68 0.999 +0.0657 +0.0995
4.620 move +0.0800 +0.0000 +0.2462 -0.0939 -16.81 0.998 +0.0218 -0.0489
4.640 move +0.0800 +0.0000 +0.2461 -0.0936 -16.79 0.993 +0.0226 -0.0810
4.660 move +0.0800 +0.0000 +0.2459 -0.0926 -16.58 0.986 +0.0227 -0.0588
4.680 move +0.0800 +0.0000 +0.2455 -0.0911 -16.18 0.979 +0.0219 -0.0527
4.700 move +0.0800 +0.0000 +0.2446 -0.0891 -15.61 0.974 +0.0202 -0.0556
4.720 move +0.0800 +0.0000 +0.2439 -0.0864 -15.16 0.970 +0.0180 -0.0202
4.740 move +0.0800 +0.0000 +0.2439 -0.0831 -14.87 0.968 +0.0152 +0.0332
4.760 move +0.0800 +0.0000 +0.2445 -0.0793 -14.47 0.968 +0.0119 +0.0411
4.780 move +0.0800 +0.0000 +0.2454 -0.0751 -13.78 0.969 +0.0083 +0.0484
4.800 move +0.0800 +0.0000 +0.2472 -0.0705 -12.70 0.972 +0.0047 +0.0848
4.820 move +0.0800 +0.0000 +0.2495 -0.0656 -11.41 0.976 +0.0700 +0.0486
4.840 move +0.0800 +0.0000 +0.2509 -0.0604 -9.21 0.983 +0.0760 -0.0279
4.860 move +0.0800 +0.0000 +0.2515 -0.0551 -6.46 0.988 +0.0791 -0.0159
4.880 move +0.0800 +0.0000 +0.2527 -0.0514 -4.03 0.992 +0.0830 +0.0203
4.900 move +0.0800 +0.0000 +0.2530 -0.0494 -3.20 0.996 +0.0816 -0.0121
4.920 move +0.0800 +0.0000 +0.2533 -0.0487 -3.34 0.997 +0.0807 +0.0039
4.940 move +0.0800 +0.0000 +0.2538 -0.0494 -3.51 0.995 +0.0806 +0.0224
4.960 move +0.0800 +0.0000 +0.2548 -0.0515 -3.54 0.992 +0.0814 +0.0656
4.980 move +0.0800 +0.0000 +0.2565 -0.0552 -3.63 0.988 +0.0809 +0.1106
5.000 move +0.0800 +0.0000 +0.2587 -0.0606 -3.86 0.986 +0.0772 +0.1436
5.020 move +0.0800 +0.0000 +0.2615 -0.0668 -4.23 0.986 -0.0064 +0.1988
5.040 move +0.0800 +0.0000 +0.2651 -0.0733 -4.89 0.988 -0.0115 +0.2166
5.060 move +0.0800 +0.0000 +0.2694 -0.0800 -5.79 0.990 +0.0654 +0.2445
5.080 move +0.0800 +0.0000 +0.2743 -0.0860 -6.49 0.994 -0.0205 +0.2747
5.100 move +0.0800 +0.0000 +0.2804 -0.0920 -7.48 0.996 -0.0239 +0.3465
5.120 move +0.0800 +0.0000 +0.2873 -0.0982 -8.47 0.997 -0.0276 +0.3768
5.140 move +0.0800 +0.0000 +0.2939 -0.1035 -9.65 0.997 +0.0569 +0.2250
5.160 move +0.0800 +0.0000 +0.2966 -0.1054 -10.31 0.995 +0.0308 +0.0162
5.180 move +0.0800 +0.0000 +0.2978 -0.1053 -10.71 0.989 +0.0316 -0.0509
5.200 move +0.0800 +0.0000 +0.2988 -0.1043 -10.87 0.979 +0.0316 -0.0323
5.220 move +0.0800 +0.0000 +0.2996 -0.1028 -10.77 0.970 +0.0308 -0.0086
5.240 move +0.0800 +0.0000 +0.3003 -0.1011 -10.42 0.962 +0.0292 +0.0084
5.260 move +0.0800 +0.0000 +0.3005 -0.0991 -9.93 0.956 +0.0270 +0.0082
5.280 move +0.0800 +0.0000 +0.3005 -0.0967 -9.48 0.954 +0.0246 +0.0371
5.300 move +0.0800 +0.0000 +0.3013 -0.0938 -9.22 0.954 +0.0218 +0.0894
5.320 move +0.0800 +0.0000 +0.3025 -0.0904 -8.95 0.957 +0.0186 +0.0896
5.340 move +0.0800 +0.0000 +0.3041 -0.0865 -8.45 0.961 +0.0152 +0.0975
5.360 move +0.0800 +0.0000 +0.3064 -0.0825 -7.91 0.967 +0.0118 +0.1403
5.380 move +0.0800 +0.0000 +0.3098 -0.0781 -7.44 0.974 +0.0672 +0.1678
5.400 move +0.0800 +0.0000 +0.3128 -0.0733 -6.68 0.983 +0.0726 +0.0560
5.420 move +0.0800 +0.0000 +0.3147 -0.0685 -5.00 0.990 +0.0737 +0.0171
5.440 move +0.0800 +0.0000 +0.3146 -0.0651 -3.85 0.996 +0.0743 -0.0775
5.460 move +0.0800 +0.0000 +0.3139 -0.0634 -3.42 0.999 +0.0755 -0.0644
5.480 move +0.0800 +0.0000 +0.3132 -0.0631 -3.32 1.000 +0.0763 -0.0436
5.500 move +0.0800 +0.0000 +0.3129 -0.0642 -3.31 0.998 +0.0762 +0.0049
5.520 move +0.0800 +0.0000 +0.3129 -0.0668 -3.38 0.995 +0.0752 +0.0405
5.540 move +0.0800 +0.0000 +0.3135 -0.0708 -3.66 0.993 -0.0041 +0.0826
5.560 move +0.0800 +0.0000 +0.3148 -0.0753 -3.99 0.991 -0.0075 +0.1185
5.580 move +0.0800 +0.0000 +0.3167 -0.0802 -4.51 0.990 -0.0114 +0.1504
5.600 move +0.0800 +0.0000 +0.3194 -0.0852 -5.27 0.990 +0.0663 +0.1778
5.620 move +0.0800 +0.0000 +0.3230 -0.0900 -6.03 0.992 -0.0184 +0.2208
5.640 move +0.0800 +0.0000 +0.3272 -0.0947 -6.88 0.994 -0.0211 +0.2543
5.660 move +0.0800 +0.0000 +0.3323 -0.0995 -7.97 0.995 -0.0235 +0.2578
5.680 move +0.0800 +0.0000 +0.3379 -0.1044 -9.16 0.996 +0.0612 +0.3105
5.700 move +0.0800 +0.0000 +0.3428 -0.1083 -10.52 0.996 +0.0591 +0.1423
5.720 move +0.0800 +0.0000 +0.3446 -0.1089 -10.88 0.995 +0.0276 -0.0037
5.740 move +0.0800 +0.0000 +0.3451 -0.1077 -11.12 0.990 +0.0275 -0.0508
5.760 move +0.0800 +0.0000 +0.3454 -0.1056 -11.20 0.984 +0.0267 -0.0375
5.780 move +0.0800 +0.0000 +0.3454 -0.1031 -11.14 0.977 +0.0253 -0.0344
5.800 move +0.0800 +0.0000 +0.3450 -0.1002 -10.85 0.971 +0.0231 -0.0189
5.820 move +0.0800 +0.0000 +0.3451 -0.0965 -10.55 0.968 +0.0202 +0.0151
5.840 move +0.0800 +0.0000 +0.3458 -0.0925 -10.28 0.966 +0.0166 +0.0689
5.860 move +0.0800 +0.0000 +0.3470 -0.0880 -9.84 0.966 +0.0126 +0.0733
5.880 move +0.0800 +0.0000 +0.3486 -0.0830 -9.04 0.967 +0.0085 +0.0786
5.900 move +0.0800 +0.0000 +0.3508 -0.0775 -7.54 0.971 +0.0047 +0.1164
5.920 move +0.0800 +0.0000 +0.3537 -0.0717 -5.89 0.976 +0.0710 +0.0813
5.940 move +0.0800 +0.0000 +0.3554 -0.0657 -3.39 0.983 +0.0762 +0.0027
5.960 move +0.0800 +0.0000 +0.3564 -0.0600 -0.41 0.990 +0.0782 +0.0158
5.980 move +0.0800 +0.0000 +0.3576 -0.0559 +2.05 0.994 +0.0803 +0.0253
6.000 move +0.0800 +0.0000 +0.3578 -0.0536 +2.78 0.997 +0.0806 -0.0109
6.020 move +0.0800 +0.0000 +0.3577 -0.0532 +2.58 0.998 +0.0798 -0.0216
6.040 move +0.0800 +0.0000 +0.3577 -0.0542 +2.36 0.996 +0.0801 -0.0085
6.060 move +0.0800 +0.0000 +0.3583 -0.0566 +2.32 0.993 +0.0811 +0.0356
6.080 move +0.0800 +0.0000 +0.3595 -0.0603 +2.33 0.989 +0.0792 +0.0758
6.100 move +0.0800 +0.0000 +0.3614 -0.0654 +2.21 0.987 +0.0763 +0.1097
6.120 move +0.0800 +0.0000 +0.3641 -0.0712 +1.86 0.986 +0.0723 +0.1675
6.140 move +0.0800 +0.0000 +0.3680 -0.0772 +1.24 0.988 -0.0112 +0.2092
6.160 move +0.0800 +0.0000 +0.3726 -0.0834 +0.44 0.990 +0.0649 +0.2305
6.180 move +0.0800 +0.0000 +0.3779 -0.0888 -0.25 0.994 -0.0202 +0.2630
6.200 move +0.0800 +0.0000 +0.3843 -0.0941 -1.24 0.996 -0.0235 +0.3128
6.220 move +0.0800 +0.0000 +0.3915 -0.0993 -2.28 0.997 -0.0272 +0.3623
6.240 move +0.0800 +0.0000 +0.3985 -0.1038 -3.55 0.997 +0.0575 +0.2385
6.260 move +0.0800 +0.0000 +0.4014 -0.1054 -4.26 0.996 +0.0300 +0.0241
6.280 move +0.0800 +0.0000 +0.4024 -0.1050 -4.64 0.990 +0.0306 -0.0520
6.300 move +0.0800 +0.0000 +0.4031 -0.1036 -4.85 0.981 +0.0305 -0.0407
6.320 move +0.0800 +0.0000 +0.4036 -0.1018 -4.76 0.972 +0.0296 -0.0160
6.340 move +0.0800 +0.0000 +0.4038 -0.0997 -4.46 0.965 +0.0279 -0.0007
6.360 move +0.0800 +0.0000 +0.4036 -0.0974 -4.06 0.960 +0.0257 +0.0006
6.380 move +0.0800 +0.0000 +0.4037 -0.0945 -3.76 0.957 +0.0231 +0.0446
6.400 move +0.0800 +0.0000 +0.4045 -0.0911 -3.55 0.958 +0.0200 +0.1030
6.420 move +0.0800 +0.0000 +0.4058 -0.0872 -3.27 0.961 +0.0164 +0.1070
6.440 move +0.0800 +0.0000 +0.4074 -0.0828 -2.70 0.965 +0.0128 +0.1157
6.460 move +0.0800 +0.0000 +0.4099 -0.0781 -1.93 0.971 +0.0093 +0.1594
6.480 move +0.0800 +0.0000 +0.4133 -0.0729 -1.08 0.978 +0.0670 +0.1729
6.500 move +0.0800 +0.0000 +0.4161 -0.0674 +0.12 0.986 +0.0714 +0.0720
6.520 move +0.0800 +0.0000 +0.4179 -0.0622 +1.94 0.993 +0.0719 +0.0385
6.540 move +0.0800 +0.0000 +0.4176 -0.0588 +3.18 0.997 +0.0724 -0.0653
6.560 move +0.0800 +0.0000 +0.4166 -0.0575 +3.37 1.000 +0.0736 -0.0842
6.580 move +0.0800 +0.0000 +0.4156 -0.0578 +3.35 1.000 +0.0744 -0.0621
6.600 move +0.0800 +0.0000 +0.4146 -0.0591 +3.47 0.998 +0.0020 -0.0586
6.620 move +0.0800 +0.0000 +0.4132 -0.0608 +3.50 0.994 +0.0015 -0.0398
6.640 move +0.0800 +0.0000 +0.4123 -0.0633 +3.26 0.991 +0.0001 -0.0041
6.660 move +0.0800 +0.0000 +0.4121 -0.0665 +2.89 0.988 -0.0023 +0.0454
6.680 move +0.0800 +0.0000 +0.4127 -0.0702 +2.34 0.985 -0.0054 +0.0829
6.700 move +0.0800 +0.0000 +0.4141 -0.0745 +1.46 0.984 -0.0088 +0.1122
6.720 move +0.0800 +0.0000 +0.4161 -0.0786 +0.66 0.985 -0.0120 +0.1022
6.740 move +0.0800 +0.0000 +0.4185 -0.0824 -0.17 0.986 -0.0147 +0.1599
6.760 move +0.0800 +0.0000 +0.4214 -0.0860 -1.07 0.987 -0.0171 +0.1482
6.780 move +0.0800 +0.0000 +0.4249 -0.0895 -2.04 0.988 -0.0196 +0.1950
6.800 move +0.0800 +0.0000 +0.4295 -0.0927 -3.32 0.988 -0.0216 +0.2325
6.820 move +0.0800 +0.0000 +0.4345 -0.0948 -4.69 0.989 +0.0643 +0.1957
6.840 move +0.0800 +0.0000 +0.4387 -0.0945 -5.01 0.989 +0.0645 +0.1562
6.860 move +0.0800 +0.0000 +0.4428 -0.0920 -4.85 0.987 +0.0196 +0.1600
6.880 move +0.0800 +0.0000 +0.4467 -0.0884 -4.63 0.984 +0.0169 +0.1487
6.900 move +0.0800 +0.0000 +0.4505 -0.0840 -4.26 0.982 +0.0133 +0.1687
6.920 move +0.0800 +0.0000 +0.4546 -0.0790 -3.89 0.980 +0.0092 +0.1950
6.940 move +0.0800 +0.0000 +0.4592 -0.0735 -3.51 0.980 +0.0044 +0.2430
6.960 move +0.0800 +0.0000 +0.4642 -0.0674 -2.95 0.982 -0.0009 +0.2446
6.980 move +0.0800 +0.0000 +0.4695 -0.0607 -2.11 0.985 -0.0066 +0.2502
7.000 move +0.0800 +0.0000 +0.4753 -0.0533 -0.60 0.990 +0.0628 +0.2684
7.020 move +0.0800 +0.0000 +0.4810 -0.0464 +0.73 0.995 +0.0570 +0.2462
7.040 move +0.0800 +0.0000 +0.4861 -0.0398 +2.05 0.999 -0.0196 +0.2273
7.060 move +0.0800 +0.0000 +0.4908 -0.0338 +2.85 1.000 +0.0572 +0.1722
7.080 move +0.0800 +0.0000 +0.4927 -0.0306 +3.52 0.999 +0.0256 +0.0133
7.100 move +0.0800 +0.0000 +0.4927 -0.0297 +3.66 0.995 +0.0272 -0.0922
7.120 move +0.0800 +0.0000 +0.4918 -0.0302 +3.71 0.987 +0.0278 -0.1301
7.140 move +0.0800 +0.0000 +0.4905 -0.0312 +3.72 0.977 +0.0278 -0.1183
7.160 move +0.0800 +0.0000 +0.4891 -0.0323 +3.42 0.968 +0.0272 -0.0844
7.180 move +0.0800 +0.0000 +0.4876 -0.0336 +2.88 0.961 +0.0259 -0.0672
7.200 move +0.0800 +0.0000 +0.4857 -0.0353 +2.32 0.957 +0.0240 -0.0446
7.220 move +0.0800 +0.0000 +0.4847 -0.0378 +1.96 0.957 +0.0216 +0.0297
7.240 move +0.0800 +0.0000 +0.4844 -0.0410 +1.61 0.958 +0.0187 +0.0454
7.260 move +0.0800 +0.0000 +0.4846 -0.0446 +1.03 0.961 +0.0156 +0.0579
7.280 move +0.0800 +0.0000 +0.4855 -0.0487 +0.20 0.966 +0.0127 +0.1024
7.300 move +0.0800 +0.0000 +0.4875 -0.0532 -0.78 0.972 +0.0098 +0.1412
7.320 move +0.0800 +0.0000 +0.4894 -0.0579 -2.02 0.980 +0.0729 +0.0488
7.340 move +0.0800 +0.0000 +0.4903 -0.0624 -4.24 0.987 +0.0743 +0.0047
7.360 move +0.0800 +0.0000 +0.4906 -0.0658 -6.24 0.993 +0.0735 -0.0298
7.380 move +0.0800 +0.0000 +0.4902 -0.0677 -7.09 0.997 +0.0737 -0.0340
7.400 move +0.0800 +0.0000 +0.4901 -0.0683 -7.28 1.000 +0.0739 -0.0224
7.420 move +0.0800 +0.0000 +0.4903 -0.0676 -7.24 1.000 +0.0736 +0.0130
7.440 move +0.0800 +0.0000 +0.4910 -0.0656 -7.13 0.998 -0.0052 +0.0409
7.460 move +0.0800 +0.0000 +0.4920 -0.0632 -6.98 0.996 -0.0067 +0.0576
7.480 move +0.0800 +0.0000 +0.4934 -0.0607 -6.71 0.993 -0.0085 +0.0904
7.500 move +0.0800 +0.0000 +0.4956 -0.0580 -6.30 0.991 -0.0108 +0.1507
7.520 move +0.0800 +0.0000 +0.4986 -0.0553 -5.67 0.990 -0.0133 +0.1754
7.540 move +0.0800 +0.0000 +0.5024 -0.0525 -4.87 0.990 +0.0666 +0.1983
7.560 move +0.0800 +0.0000 +0.5065 -0.0499 -4.43 0.991 -0.0178 +0.1931
7.580 move +0.0800 +0.0000 +0.5114 -0.0475 -3.62 0.993 -0.0193 +0.2554
7.600 move +0.0800 +0.0000 +0.5174 -0.0451 -2.69 0.994 -0.0212 +0.2961
7.620 move +0.0800 +0.0000 +0.5240 -0.0430 -1.60 0.995 +0.0646 +0.3087
7.640 move +0.0800 +0.0000 +0.5279 -0.0426 -1.03 0.997 +0.0639 +0.0799
7.660 move +0.0800 +0.0000 +0.5299 -0.0442 -0.95 0.995 +0.0216 +0.0214
7.680 move +0.0800 +0.0000 +0.5311 -0.0468 -0.83 0.991 +0.0205 +0.0233
7.700 move +0.0800 +0.0000 +0.5320 -0.0500 -0.84 0.986 +0.0187 +0.0226
7.720 move +0.0800 +0.0000 +0.5325 -0.0538 -1.08 0.982 +0.0160 +0.0424
7.740 move +0.0800 +0.0000 +0.5332 -0.0585 -1.38 0.979 +0.0124 +0.0722
7.760 move +0.0800 +0.0000 +0.5345 -0.0638 -1.68 0.978 +0.0081 +0.1211
7.780 move +0.0800 +0.0000 +0.5362 -0.0698 -2.21 0.979 +0.0032 +0.1415
7.800 move +0.0800 +0.0000 +0.5384 -0.0764 -3.04 0.982 -0.0021 +0.1517
7.820 move +0.0800 +0.0000 +0.5411 -0.0837 -4.55 0.986 +0.0655 +0.1845
7.840 move +0.0800 +0.0000 +0.5436 -0.0912 -6.31 0.991 +0.0605 +0.1220
7.860 move +0.0800 +0.0000 +0.5455 -0.0984 -8.25 0.996 +0.0595 +0.1275
7.880 move +0.0800 +0.0000 +0.5476 -0.1054 -9.84 0.998 +0.0625 +0.1841
7.900 move +0.0800 +0.0000 +0.5483 -0.1111 -11.40 0.999 +0.0647 +0.0168
7.920 move +0.0800 +0.0000 +0.5474 -0.1130 -11.52 0.998 +0.0236 -0.0798
7.940 move +0.0800 +0.0000 +0.5454 -0.1130 -11.81 0.994 +0.0248 -0.1491
7.960 move +0.0800 +0.0000 +0.5427 -0.1121 -12.09 0.987 +0.0253 -0.1860
7.980 move +0.0800 +0.0000 +0.5398 -0.1108 -12.23 0.978 +0.0257 -0.1691
8.000 move +0.0800 +0.0000 +0.5367 -0.1093 -12.05 0.969 +0.0253 -0.1528
8.020 move +0.0800 +0.0000 +0.5338 -0.1072 -11.68 0.963 +0.0241 -0.1041
8.040 move +0.0800 +0.0000 +0.5318 -0.1046 -11.34 0.958 +0.0220 -0.0371
8.060 move +0.0800 +0.0000 +0.5304 -0.1015 -10.86 0.955 +0.0194 -0.0232
8.080 move +0.0800 +0.0000 +0.5295 -0.0979 -9.91 0.953 +0.0166 -0.0153
8.100 move +0.0800 +0.0000 +0.5293 -0.0939 -8.23 0.953 +0.0143 +0.0225
8.120 move +0.0800 +0.0000 +0.5300 -0.0895 -6.50 0.955 +0.0660 +0.0219
8.140 move +0.0800 +0.0000 +0.5299 -0.0848 -4.24 0.962 +0.0708 -0.0662
8.160 move +0.0800 +0.0000 +0.5292 -0.0800 -1.92 0.970 +0.0093 -0.0489
8.180 move +0.0800 +0.0000 +0.5299 -0.0758 +1.02 0.977 +0.0083 +0.0163
8.200 move +0.0800 +0.0000 +0.5318 -0.0724 +4.18 0.983 +0.0759 +0.0748
8.220 move +0.0800 +0.0000 +0.5350 -0.0702 +6.08 0.988 +0.0777 +0.1473
8.240 move +0.0800 +0.0000 +0.5395 -0.0689 +7.06 0.991 +0.0779 +0.2059
8.260 move +0.0800 +0.0000 +0.5448 -0.0687 +7.30 0.992 +0.0774 +0.2467
8.280 move +0.0800 +0.0000 +0.5509 -0.0702 +7.06 0.992 +0.0760 +0.2815
8.300 move +0.0800 +0.0000 +0.5578 -0.0730 +6.78 0.991 -0.0117 +0.3295
8.320 move +0.0800 +0.0000 +0.5656 -0.0757 +6.32 0.991 -0.0143 +0.3870
8.340 move +0.0800 +0.0000 +0.5739 -0.0781 +5.82 0.991 -0.0170 +0.3945
8.360 move +0.0800 +0.0000 +0.5826 -0.0803 +5.50 0.993 -0.0198 +0.4087
8.380 move +0.0800 +0.0000 +0.5918 -0.0824 +5.53 0.996 +0.0610 +0.3916
8.400 move +0.0800 +0.0000 +0.6010 -0.0842 +5.60 0.998 -0.0245 +0.4387
8.420 move +0.0800 +0.0000 +0.6113 -0.0859 +5.46 0.999 -0.0271 +0.4775
8.440 move +0.0800 +0.0000 +0.6210 -0.0870 +5.12 0.999 +0.0584 +0.3096
8.460 move +0.0800 +0.0000 +0.6263 -0.0862 +4.96 0.995 +0.0280 +0.1093
8.480 move +0.0800 +0.0000 +0.6297 -0.0839 +5.00 0.987 +0.0271 +0.0363
8.500 move +0.0800 +0.0000 +0.6327 -0.0808 +5.26 0.976 +0.0254 +0.0658
8.520 move +0.0800 +0.0000 +0.6356 -0.0772 +5.79 0.966 +0.0231 +0.1015
8.540 move +0.0800 +0.0000 +0.6383 -0.0734 +6.50 0.959 +0.0202 +0.1315
8.560 move +0.0800 +0.0000 +0.6407 -0.0694 +7.22 0.955 +0.0169 +0.1479
8.580 move +0.0800 +0.0000 +0.6426 -0.0651 +7.96 0.953 +0.0132 +0.1538
8.600 move +0.0800 +0.0000 +0.6441 -0.0606 +8.70 0.957 +0.0090 +0.1802
8.620 move +0.0800 +0.0000 +0.6460 -0.0549 +9.14 0.965 +0.0044 +0.2035
8.640 move +0.0800 +0.0000 +0.6481 -0.0483 +9.45 0.974 -0.0005 +0.2182
8.660 move +0.0800 +0.0000 +0.6506 -0.0411 +9.61 0.983 -0.0059 +0.2548
8.680 move +0.0800 +0.0000 +0.6536 -0.0335 +9.57 0.991 +0.0350 +0.2578
8.700 move +0.0800 +0.0000 +0.6553 -0.0259 +9.42 0.993 +0.0394 +0.0636
8.720 move +0.0800 +0.0000 +0.6555 -0.0209 +9.37 0.989 +0.0235 -0.0499
8.740 move +0.0800 +0.0000 +0.6551 -0.0187 +9.28 0.982 +0.0262 -0.1047
8.760 move +0.0800 +0.0000 +0.6540 -0.0180 +9.57 0.973 +0.0278 -0.1547
8.780 move +0.0800 +0.0000 +0.6524 -0.0185 +10.13 0.963 +0.0282 -0.1617
8.800 move +0.0800 +0.0000 +0.6508 -0.0197 +10.64 0.955 +0.0278 -0.1284
8.820 move +0.0800 +0.0000 +0.6492 -0.0212 +10.91 0.949 +0.0268 -0.0951
8.840 move +0.0800 +0.0000 +0.6474 -0.0229 +10.99 0.946 +0.0255 -0.0746
8.860 move +0.0800 +0.0000 +0.6453 -0.0247 +11.02 0.946 +0.0238 -0.0611
8.880 move +0.0800 +0.0000 +0.6430 -0.0268 +10.74 0.949 +0.0219 -0.0553
8.900 move +0.0800 +0.0000 +0.6412 -0.0296 +10.28 0.953 +0.0196 -0.0277
8.920 move +0.0800 +0.0000 +0.6403 -0.0327 +9.82 0.959 +0.0171 +0.0193
8.940 move +0.0800 +0.0000 +0.6405 -0.0360 +9.46 0.965 +0.0144 +0.0550
8.960 move +0.0800 +0.0000 +0.6414 -0.0397 +9.15 0.973 +0.0684 +0.0424
8.980 move +0.0800 +0.0000 +0.6417 -0.0439 +8.39 0.981 +0.0734 -0.0620
9.000 stand +0.0000 +0.0000 +0.6418 -0.0480 +7.34 0.989 +0.0751 -0.0313
9.020 stand +0.0000 +0.0000 +0.6428 -0.0518 +7.07 0.995 +0.0765 +0.0052
9.040 stand +0.0000 +0.0000 +0.6436 -0.0560 +7.19 0.998 +0.0781 +0.0060
9.060 stand +0.0000 +0.0000 +0.6449 -0.0604 +7.50 0.999 +0.0792 +0.0322
9.080 stand +0.0000 +0.0000 +0.6467 -0.0649 +7.84 0.999 +0.0795 +0.0590
9.100 stand +0.0000 +0.0000 +0.6490 -0.0691 +8.09 0.999 +0.0768 +0.0829
9.120 stand +0.0000 +0.0000 +0.6517 -0.0730 +8.27 0.998 +0.0731 +0.0980
9.140 stand +0.0000 +0.0000 +0.6547 -0.0764 +8.48 0.997 +0.0699 +0.1113
9.160 stand +0.0000 +0.0000 +0.6580 -0.0794 +8.77 0.996 +0.0669 +0.1215
9.180 stand +0.0000 +0.0000 +0.6615 -0.0820 +9.20 0.994 +0.0641 +0.1278
9.200 stand +0.0000 +0.0000 +0.6650 -0.0841 +9.60 0.992 +0.0618 +0.1225
9.220 stand +0.0000 +0.0000 +0.6683 -0.0857 +9.88 0.989 +0.0601 +0.1131
9.240 stand +0.0000 +0.0000 +0.6711 -0.0869 +10.09 0.987 +0.0588 +0.1013
9.260 stand +0.0000 +0.0000 +0.6735 -0.0877 +10.27 0.986 +0.0579 +0.0842
9.280 stand +0.0000 +0.0000 +0.6754 -0.0882 +10.44 0.984 +0.0567 +0.0630
9.300 stand +0.0000 +0.0000 +0.6766 -0.0884 +10.63 0.984 +0.0553 +0.0387
9.320 stand +0.0000 +0.0000 +0.6771 -0.0883 +10.86 0.983 +0.0545 +0.0130
9.340 stand +0.0000 +0.0000 +0.6770 -0.0880 +11.11 0.984 +0.0541 -0.0123
9.360 stand +0.0000 +0.0000 +0.6762 -0.0875 +11.37 0.984 +0.0542 -0.0364
9.380 stand +0.0000 +0.0000 +0.6748 -0.0867 +11.60 0.986 +0.0549 -0.0585
9.400 stand +0.0000 +0.0000 +0.6729 -0.0856 +11.80 0.987 +0.0559 -0.0772
9.420 stand +0.0000 +0.0000 +0.6705 -0.0843 +11.95 0.989 +0.0573 -0.0908
9.440 stand +0.0000 +0.0000 +0.6678 -0.0827 +12.08 0.991 +0.0590 -0.1000
9.460 stand +0.0000 +0.0000 +0.6648 -0.0808 +12.21 0.993 +0.0608 -0.1059
9.480 stand +0.0000 +0.0000 +0.6617 -0.0785 +12.28 0.995 +0.0626 -0.1028
9.500 stand +0.0000 +0.0000 +0.6589 -0.0761 +12.28 0.996 +0.0644 -0.0914
9.520 stand +0.0000 +0.0000 +0.6563 -0.0737 +12.27 0.997 +0.0660 -0.0791
9.540 stand +0.0000 +0.0000 +0.6540 -0.0713 +12.28 0.998 +0.0673 -0.0667
9.560 stand +0.0000 +0.0000 +0.6521 -0.0690 +12.28 0.999 +0.0683 -0.0537
9.580 stand +0.0000 +0.0000 +0.6506 -0.0668 +12.27 0.999 +0.0690 -0.0399
9.600 stand +0.0000 +0.0000 +0.6493 -0.0646 +12.26 1.000 +0.0694 -0.0263
9.620 stand +0.0000 +0.0000 +0.6484 -0.0624 +12.24 1.000 +0.0693 -0.0136
9.640 stand +0.0000 +0.0000 +0.6478 -0.0601 +12.24 1.000 +0.0691 -0.0023
9.660 stand +0.0000 +0.0000 +0.6474 -0.0579 +12.23 1.000 +0.0687 +0.0068
9.680 stand +0.0000 +0.0000 +0.6472 -0.0555 +12.22 1.000 +0.0681 +0.0136
9.700 stand +0.0000 +0.0000 +0.6471 -0.0531 +12.22 1.000 +0.0675 +0.0178
9.720 stand +0.0000 +0.0000 +0.6470 -0.0505 +12.21 0.999 +0.0668 +0.0199
9.740 stand +0.0000 +0.0000 +0.6469 -0.0479 +12.20 0.999 +0.0662 +0.0163
9.760 stand +0.0000 +0.0000 +0.6467 -0.0456 +12.21 0.998 +0.0656 +0.0095
9.780 stand +0.0000 +0.0000 +0.6464 -0.0435 +12.21 0.998 +0.0653 +0.0021
9.800 stand +0.0000 +0.0000 +0.6460 -0.0418 +12.22 0.997 +0.0651 -0.0013
9.820 stand +0.0000 +0.0000 +0.6457 -0.0406 +12.24 0.997 +0.0649 -0.0045
9.840 stand +0.0000 +0.0000 +0.6454 -0.0399 +12.28 0.996 +0.0649 -0.0064
9.860 stand +0.0000 +0.0000 +0.6451 -0.0396 +12.30 0.996 +0.0649 -0.0070
9.880 stand +0.0000 +0.0000 +0.6450 -0.0397 +12.31 0.996 +0.0650 -0.0069
9.900 stand +0.0000 +0.0000 +0.6449 -0.0403 +12.33 0.996 +0.0650 -0.0062
9.920 stand +0.0000 +0.0000 +0.6450 -0.0410 +12.35 0.997 +0.0651 -0.0053
9.940 stand +0.0000 +0.0000 +0.6451 -0.0420 +12.37 0.997 +0.0652 -0.0043
9.960 stand +0.0000 +0.0000 +0.6452 -0.0430 +12.39 0.997 +0.0652 -0.0033
9.980 stand +0.0000 +0.0000 +0.6454 -0.0441 +12.40 0.998 +0.0653 -0.0021
10.000 stand +0.0000 +0.0000 +0.6456 -0.0451 +12.41 0.998 +0.0653 -0.0007
10.020 stand +0.0000 +0.0000 +0.6458 -0.0461 +12.42 0.998 +0.0653 +0.0009
10.040 stand +0.0000 +0.0000 +0.6460 -0.0469 +12.43 0.998 +0.0652 +0.0023
10.060 stand +0.0000 +0.0000 +0.6463 -0.0476 +12.44 0.999 +0.0651 +0.0034
10.080 stand +0.0000 +0.0000 +0.6465 -0.0481 +12.44 0.999 +0.0650 +0.0040
10.100 stand +0.0000 +0.0000 +0.6467 -0.0485 +12.44 0.999 +0.0649 +0.0042
10.120 stand +0.0000 +0.0000 +0.6468 -0.0488 +12.44 0.999 +0.0648 +0.0039
10.140 stand +0.0000 +0.0000 +0.6469 -0.0489 +12.44 0.999 +0.0647 +0.0034
10.160 stand +0.0000 +0.0000 +0.6470 -0.0489 +12.44 0.999 +0.0646 +0.0025
10.180 stand +0.0000 +0.0000 +0.6470 -0.0488 +12.44 0.999 +0.0645 +0.0015
10.200 stand +0.0000 +0.0000 +0.6470 -0.0486 +12.45 0.999 +0.0644 +0.0005
10.220 stand +0.0000 +0.0000 +0.6469 -0.0483 +12.45 0.999 +0.0643 -0.0006
10.240 stand +0.0000 +0.0000 +0.6468 -0.0479 +12.45 0.999 +0.0643 -0.0016
10.260 stand +0.0000 +0.0000 +0.6467 -0.0475 +12.45 0.999 +0.0643 -0.0025
10.280 stand +0.0000 +0.0000 +0.6465 -0.0470 +12.45 0.998 +0.0643 -0.0033
10.300 stand +0.0000 +0.0000 +0.6463 -0.0465 +12.46 0.998 +0.0643 -0.0040
10.320 stand +0.0000 +0.0000 +0.6461 -0.0461 +12.46 0.998 +0.0643 -0.0037
10.340 stand +0.0000 +0.0000 +0.6459 -0.0457 +12.46 0.998 +0.0643 -0.0033
10.360 stand +0.0000 +0.0000 +0.6458 -0.0453 +12.47 0.998 +0.0643 -0.0027
10.380 stand +0.0000 +0.0000 +0.6457 -0.0451 +12.47 0.998 +0.0643 -0.0019
10.400 stand +0.0000 +0.0000 +0.6456 -0.0450 +12.48 0.998 +0.0643 -0.0011
10.420 stand +0.0000 +0.0000 +0.6456 -0.0449 +12.48 0.998 +0.0643 -0.0003
10.440 stand +0.0000 +0.0000 +0.6456 -0.0449 +12.48 0.998 +0.0642 +0.0003
10.460 stand +0.0000 +0.0000 +0.6456 -0.0450 +12.49 0.998 +0.0642 +0.0007
10.480 stand +0.0000 +0.0000 +0.6457 -0.0451 +12.49 0.998 +0.0641 +0.0010
