Day-1 steer log
applied_vx is the clamped CPG command (full CSF50 amp at 0.030 m/s), not measured speed. Reverse is a sagittal mirror at 0.012 m/s and is not a verified retreat; yaw is a hip-yaw bias, not a verified turn. Measured forward Δx=+0.059 m, mean body vx=+0.012 m/s; turn Δyaw=+27.7 deg, Δx=+0.097 m. max contact CoP outside box=0.0000 m; max leg torque=2.10 Nm (limit 2.1).
fault=False reason=-
t mode applied_vx applied_yaw_rate x y yaw_deg up_z margin body_vx
0.000 stand +0.0000 +0.0000 +0.0002 -0.0000 +0.00 1.000 +0.0641 +0.0146
0.020 stand +0.0000 +0.0000 +0.0006 +0.0000 +0.00 1.000 +0.0638 +0.0154
0.040 stand +0.0000 +0.0000 +0.0010 +0.0000 +0.00 1.000 +0.0635 +0.0147
0.060 stand +0.0000 +0.0000 +0.0013 +0.0000 +0.00 1.000 +0.0632 +0.0140
0.080 stand +0.0000 +0.0000 +0.0016 +0.0001 +0.00 1.000 +0.0629 +0.0124
0.100 stand +0.0000 +0.0000 +0.0019 +0.0001 +0.00 1.000 +0.0627 +0.0104
0.120 stand +0.0000 +0.0000 +0.0021 +0.0001 +0.00 1.000 +0.0625 +0.0080
0.140 stand +0.0000 +0.0000 +0.0023 +0.0002 -0.00 1.000 +0.0624 +0.0055
0.160 stand +0.0000 +0.0000 +0.0023 +0.0002 -0.00 1.000 +0.0623 +0.0030
0.180 stand +0.0000 +0.0000 +0.0024 +0.0003 -0.00 1.000 +0.0623 +0.0007
0.200 stand +0.0000 +0.0000 +0.0024 +0.0003 -0.00 1.000 +0.0623 -0.0011
0.220 stand +0.0000 +0.0000 +0.0023 +0.0004 -0.00 1.000 +0.0624 -0.0024
0.240 stand +0.0000 +0.0000 +0.0022 +0.0005 -0.00 1.000 +0.0624 -0.0032
0.260 stand +0.0000 +0.0000 +0.0022 +0.0005 -0.00 1.000 +0.0625 -0.0036
0.280 stand +0.0000 +0.0000 +0.0021 +0.0006 -0.00 1.000 +0.0626 -0.0035
0.300 stand +0.0000 +0.0000 +0.0020 +0.0007 -0.00 1.000 +0.0627 -0.0032
0.320 stand +0.0000 +0.0000 +0.0019 +0.0008 -0.00 1.000 +0.0627 -0.0026
0.340 stand +0.0000 +0.0000 +0.0019 +0.0009 -0.00 1.000 +0.0628 -0.0019
0.360 stand +0.0000 +0.0000 +0.0018 +0.0010 -0.00 1.000 +0.0628 -0.0012
0.380 stand +0.0000 +0.0000 +0.0018 +0.0012 -0.00 1.000 +0.0628 -0.0005
0.400 stand +0.0000 +0.0000 +0.0018 +0.0014 -0.00 1.000 +0.0628 +0.0001
0.420 stand +0.0000 +0.0000 +0.0018 +0.0015 -0.01 1.000 +0.0628 +0.0006
0.440 stand +0.0000 +0.0000 +0.0018 +0.0017 -0.01 1.000 +0.0628 +0.0009
0.460 stand +0.0000 +0.0000 +0.0019 +0.0020 -0.01 1.000 +0.0627 +0.0010
0.480 stand +0.0000 +0.0000 +0.0019 +0.0023 -0.01 1.000 +0.0627 +0.0011
0.500 stand +0.0000 +0.0000 +0.0019 +0.0026 -0.01 1.000 +0.0627 +0.0010
0.520 stand +0.0000 +0.0000 +0.0019 +0.0029 -0.01 1.000 +0.0627 +0.0009
0.540 stand +0.0000 +0.0000 +0.0020 +0.0033 -0.01 1.000 +0.0627 +0.0007
0.560 stand +0.0000 +0.0000 +0.0020 +0.0037 -0.01 1.000 +0.0627 +0.0004
0.580 stand +0.0000 +0.0000 +0.0020 +0.0042 -0.02 1.000 +0.0627 +0.0002
0.600 stand +0.0000 +0.0000 +0.0020 +0.0048 -0.02 1.000 +0.0627 +0.0000
0.620 stand +0.0000 +0.0000 +0.0020 +0.0054 -0.02 1.000 +0.0627 -0.0001
0.640 stand +0.0000 +0.0000 +0.0020 +0.0061 -0.02 1.000 +0.0627 -0.0002
0.660 stand +0.0000 +0.0000 +0.0020 +0.0069 -0.03 1.000 +0.0627 -0.0003
0.680 stand +0.0000 +0.0000 +0.0020 +0.0078 -0.03 0.999 +0.0627 -0.0003
0.700 stand +0.0000 +0.0000 +0.0020 +0.0088 -0.03 0.999 +0.0627 -0.0003
0.720 stand +0.0000 +0.0000 +0.0019 +0.0100 -0.04 0.999 +0.0627 -0.0003
0.740 stand +0.0000 +0.0000 +0.0019 +0.0112 -0.04 0.999 +0.0627 -0.0013
0.760 stand +0.0000 +0.0000 +0.0019 +0.0124 -0.05 0.999 +0.0627 -0.0015
0.780 stand +0.0000 +0.0000 +0.0019 +0.0135 -0.05 0.998 +0.0628 -0.0018
0.800 stand +0.0000 +0.0000 +0.0018 +0.0143 -0.06 0.998 +0.0628 -0.0020
0.820 stand +0.0000 +0.0000 +0.0018 +0.0150 -0.06 0.998 +0.0628 -0.0020
0.840 stand +0.0000 +0.0000 +0.0017 +0.0153 -0.06 0.998 +0.0629 -0.0018
0.860 stand +0.0000 +0.0000 +0.0017 +0.0155 -0.06 0.998 +0.0629 -0.0015
0.880 stand +0.0000 +0.0000 +0.0017 +0.0154 -0.06 0.998 +0.0629 -0.0011
0.900 stand +0.0000 +0.0000 +0.0016 +0.0152 -0.06 0.998 +0.0629 -0.0006
0.920 stand +0.0000 +0.0000 +0.0016 +0.0148 -0.06 0.998 +0.0630 -0.0002
0.940 stand +0.0000 +0.0000 +0.0016 +0.0144 -0.05 0.998 +0.0629 +0.0003
0.960 stand +0.0000 +0.0000 +0.0016 +0.0139 -0.05 0.998 +0.0629 +0.0007
0.980 stand +0.0000 +0.0000 +0.0017 +0.0134 -0.05 0.998 +0.0629 +0.0011
1.000 move +0.0006 +0.0000 +0.0017 +0.0130 -0.04 0.998 +0.0629 +0.0013
1.020 move +0.0012 +0.0000 +0.0017 +0.0127 -0.02 0.998 +0.0629 +0.0010
1.040 move +0.0018 +0.0000 +0.0018 +0.0124 +0.02 0.999 +0.0628 +0.0021
1.060 move +0.0024 +0.0000 +0.0018 +0.0121 +0.07 0.999 +0.0628 +0.0037
1.080 move +0.0030 +0.0000 +0.0019 +0.0117 +0.11 0.999 +0.0627 +0.0054
1.100 move +0.0036 +0.0000 +0.0020 +0.0113 +0.15 0.998 +0.0627 +0.0073
1.120 move +0.0042 +0.0000 +0.0022 +0.0108 +0.19 0.998 +0.0626 +0.0098
1.140 move +0.0048 +0.0000 +0.0024 +0.0101 +0.22 0.998 +0.0625 +0.0128
1.160 move +0.0054 +0.0000 +0.0028 +0.0092 +0.25 0.998 +0.0623 +0.0163
1.180 move +0.0060 +0.0000 +0.0032 +0.0082 +0.27 0.998 +0.0621 +0.0203
1.200 move +0.0066 +0.0000 +0.0036 +0.0070 +0.29 0.998 +0.0618 +0.0246
1.220 move +0.0072 +0.0000 +0.0042 +0.0056 +0.31 0.998 +0.0614 +0.0290
1.240 move +0.0078 +0.0000 +0.0049 +0.0042 +0.32 0.998 +0.0610 +0.0336
1.260 move +0.0084 +0.0000 +0.0057 +0.0027 +0.33 0.998 +0.0604 +0.0380
1.280 move +0.0090 +0.0000 +0.0065 +0.0013 +0.34 0.998 +0.0598 +0.0422
1.300 move +0.0096 +0.0000 +0.0075 +0.0000 +0.34 0.998 +0.0592 +0.0459
1.320 move +0.0102 +0.0000 +0.0085 -0.0011 +0.34 0.998 +0.0584 +0.0499
1.340 move +0.0108 +0.0000 +0.0099 -0.0019 +0.32 0.999 +0.0575 +0.0926
1.360 move +0.0114 +0.0000 +0.0121 -0.0027 +0.28 0.999 +0.0559 +0.1223
1.380 move +0.0120 +0.0000 +0.0161 -0.0036 +0.45 0.999 +0.0529 +0.2118
1.400 move +0.0126 +0.0000 +0.0217 -0.0044 +0.69 0.999 +0.0484 +0.2420
1.420 move +0.0132 +0.0000 +0.0271 -0.0051 +0.90 0.997 -0.0040 +0.2135
1.440 move +0.0138 +0.0000 +0.0317 -0.0059 +0.98 0.995 -0.0048 +0.1827
1.460 move +0.0144 +0.0000 +0.0354 -0.0065 +0.79 0.992 -0.0055 +0.1269
1.480 move +0.0150 +0.0000 +0.0378 -0.0063 +0.64 0.989 +0.0372 +0.0565
1.500 move +0.0156 +0.0000 +0.0370 -0.0054 +0.42 0.989 +0.0398 -0.1005
1.520 move +0.0162 +0.0000 +0.0345 -0.0035 +0.06 0.990 +0.0427 -0.1326
1.540 move +0.0168 +0.0000 +0.0316 -0.0012 -0.33 0.992 +0.0455 -0.1367
1.560 move +0.0174 +0.0000 +0.0284 +0.0015 -0.59 0.994 -0.0009 -0.1471
1.580 move +0.0180 +0.0000 +0.0246 +0.0041 -0.78 0.996 -0.0029 -0.1667
1.600 move +0.0186 +0.0000 +0.0201 +0.0069 -0.97 0.997 -0.0048 -0.1958
1.620 move +0.0192 +0.0000 +0.0157 +0.0096 -1.16 0.998 +0.0588 -0.1492
1.640 move +0.0198 +0.0000 +0.0129 +0.0119 -1.20 0.998 +0.0612 -0.0937
1.660 move +0.0204 +0.0000 +0.0113 +0.0144 -1.16 0.998 +0.0625 -0.0477
1.680 move +0.0210 +0.0000 +0.0106 +0.0169 -1.07 0.998 +0.0630 -0.0061
1.700 move +0.0216 +0.0000 +0.0109 +0.0193 -0.98 0.998 +0.0626 +0.0285
1.720 move +0.0222 +0.0000 +0.0118 +0.0214 -0.92 0.998 +0.0617 +0.0541
1.740 move +0.0228 +0.0000 +0.0132 +0.0232 -0.88 0.998 +0.0604 +0.0710
1.760 move +0.0234 +0.0000 +0.0148 +0.0245 -0.87 0.999 +0.0590 +0.0815
1.780 move +0.0240 +0.0000 +0.0171 +0.0250 -0.79 0.999 +0.0571 +0.1395
1.800 move +0.0246 +0.0000 +0.0209 +0.0252 -0.76 1.000 +0.0539 +0.1962
1.820 move +0.0252 +0.0000 +0.0265 +0.0251 -1.05 1.000 +0.0497 +0.2631
1.840 move +0.0258 +0.0000 +0.0334 +0.0245 -1.51 0.998 +0.0445 +0.2977
1.860 move +0.0264 +0.0000 +0.0395 +0.0239 -1.92 0.996 -0.0198 +0.2316
1.880 move +0.0270 +0.0000 +0.0450 +0.0233 -2.01 0.994 -0.0197 +0.2417
1.900 move +0.0276 +0.0000 +0.0500 +0.0218 -2.00 0.990 +0.0365 +0.1650
1.920 move +0.0282 +0.0000 +0.0516 +0.0186 -1.70 0.987 +0.0379 -0.0271
1.940 move +0.0288 +0.0000 +0.0492 +0.0140 -1.00 0.986 +0.0408 -0.1853
1.960 move +0.0294 +0.0000 +0.0459 +0.0083 -0.48 0.986 +0.0074 -0.1814
1.980 move +0.0300 +0.0000 +0.0424 +0.0024 -0.18 0.988 +0.0029 -0.1693
2.000 move +0.0300 +0.0000 +0.0385 -0.0034 +0.02 0.990 -0.0016 -0.1708
2.020 move +0.0300 +0.0000 +0.0341 -0.0093 +0.20 0.993 -0.0060 -0.1866
2.040 move +0.0300 +0.0000 +0.0290 -0.0151 +0.43 0.995 -0.0104 -0.2175
2.060 move +0.0300 +0.0000 +0.0235 -0.0210 +0.53 0.997 -0.0150 -0.2140
2.080 move +0.0300 +0.0000 +0.0185 -0.0272 +0.37 0.999 -0.0199 -0.1948
2.100 move +0.0300 +0.0000 +0.0144 -0.0331 +0.07 0.999 +0.0606 -0.1233
2.120 move +0.0300 +0.0000 +0.0126 -0.0373 -0.18 0.999 +0.0572 -0.0387
2.140 move +0.0300 +0.0000 +0.0121 -0.0404 -0.38 0.999 +0.0546 +0.0062
2.160 move +0.0300 +0.0000 +0.0124 -0.0423 -0.55 0.999 +0.0529 +0.0327
2.180 move +0.0300 +0.0000 +0.0131 -0.0432 -0.71 0.999 +0.0518 +0.0453
2.200 move +0.0300 +0.0000 +0.0141 -0.0436 -0.88 0.998 -0.0341 +0.0652
2.220 move +0.0300 +0.0000 +0.0160 -0.0440 -1.10 0.998 -0.0348 +0.1198
2.240 move +0.0300 +0.0000 +0.0183 -0.0449 -1.29 0.998 -0.0360 +0.1149
2.260 move +0.0300 +0.0000 +0.0214 -0.0459 -1.37 0.997 +0.0517 +0.1781
2.280 move +0.0300 +0.0000 +0.0263 -0.0456 -1.51 0.997 +0.0523 +0.1928
2.300 move +0.0300 +0.0000 +0.0303 -0.0442 -1.62 0.996 +0.0510 +0.1431
2.320 move +0.0300 +0.0000 +0.0327 -0.0420 -1.74 0.995 +0.0494 +0.0667
2.340 move +0.0300 +0.0000 +0.0332 -0.0391 -1.95 0.993 +0.0490 -0.0258
2.360 move +0.0300 +0.0000 +0.0308 -0.0347 -2.41 0.993 +0.0507 -0.1852
2.380 move +0.0300 +0.0000 +0.0274 -0.0285 -2.88 0.993 +0.0551 -0.1946
2.400 move +0.0300 +0.0000 +0.0249 -0.0210 -3.29 0.994 +0.0588 -0.1199
2.420 move +0.0300 +0.0000 +0.0237 -0.0130 -3.67 0.994 +0.0612 -0.0882
2.440 move +0.0300 +0.0000 +0.0233 -0.0055 -3.98 0.994 +0.0627 -0.0247
2.460 move +0.0300 +0.0000 +0.0237 +0.0006 -4.20 0.995 +0.0627 +0.0091
2.480 move +0.0300 +0.0000 +0.0242 +0.0055 -4.36 0.994 +0.0623 +0.0156
2.500 move +0.0300 +0.0000 +0.0245 +0.0093 -4.44 0.994 +0.0620 +0.0085
2.520 move +0.0300 +0.0000 +0.0246 +0.0125 -4.48 0.993 +0.0619 -0.0016
2.540 move +0.0300 +0.0000 +0.0244 +0.0150 -4.50 0.993 +0.0620 -0.0101
2.560 move +0.0300 +0.0000 +0.0240 +0.0172 -4.50 0.992 +0.0623 -0.0164
2.580 move +0.0300 +0.0000 +0.0236 +0.0189 -4.43 0.992 +0.0626 -0.0083
2.600 move +0.0300 +0.0000 +0.0235 +0.0201 -4.29 0.992 +0.0626 +0.0127
2.620 move +0.0300 +0.0000 +0.0238 +0.0209 -4.16 0.992 +0.0622 +0.0310
2.640 move +0.0300 +0.0000 +0.0246 +0.0212 -4.05 0.993 +0.0616 +0.0499
2.660 move +0.0300 +0.0000 +0.0262 +0.0208 -3.88 0.994 +0.0603 +0.1204
2.680 move +0.0300 +0.0000 +0.0299 +0.0197 -3.81 0.995 +0.0573 +0.2025
2.700 move +0.0300 +0.0000 +0.0360 +0.0180 -4.10 0.998 +0.0526 +0.2610
2.720 move +0.0300 +0.0000 +0.0429 +0.0159 -4.59 0.998 +0.0473 +0.2973
2.740 move +0.0300 +0.0000 +0.0490 +0.0135 -4.97 0.998 +0.0422 +0.2284
2.760 move +0.0300 +0.0000 +0.0529 +0.0110 -4.85 0.996 +0.0386 +0.1424
2.780 move +0.0300 +0.0000 +0.0544 +0.0074 -4.56 0.995 +0.0383 +0.0218
2.800 move +0.0300 +0.0000 +0.0532 +0.0027 -4.19 0.994 +0.0412 -0.0935
2.820 move +0.0300 +0.0000 +0.0492 -0.0026 -3.62 0.994 +0.0457 -0.2327
2.840 move +0.0300 +0.0000 +0.0451 -0.0087 -3.20 0.995 -0.0045 -0.1671
2.860 move +0.0300 +0.0000 +0.0412 -0.0148 -3.06 0.996 -0.0095 -0.1754
2.880 move +0.0300 +0.0000 +0.0368 -0.0210 -2.90 0.997 -0.0145 -0.1883
2.900 move +0.0300 +0.0000 +0.0318 -0.0273 -2.70 0.998 -0.0195 -0.2088
2.920 move +0.0300 +0.0000 +0.0261 -0.0337 -2.47 0.999 +0.0592 -0.2259
2.940 move +0.0300 +0.0000 +0.0225 -0.0390 -2.43 1.000 +0.0574 -0.1021
2.960 move +0.0300 +0.0000 +0.0205 -0.0422 -2.50 1.000 +0.0547 -0.0490
2.980 move +0.0300 +0.0000 +0.0194 -0.0443 -2.67 1.000 +0.0529 -0.0197
3.000 move +0.0300 +0.0000 +0.0190 -0.0461 -2.87 0.999 +0.0515 +0.0060
3.020 move +0.0300 +0.0000 +0.0191 -0.0478 -3.07 0.999 +0.0502 +0.0278
3.040 move +0.0300 +0.0000 +0.0197 -0.0493 -3.25 0.999 +0.0490 +0.0448
3.060 move +0.0300 +0.0000 +0.0207 -0.0504 -3.40 0.999 +0.0480 +0.0575
3.080 move +0.0300 +0.0000 +0.0219 -0.0510 -3.54 0.999 +0.0474 +0.0672
3.100 move +0.0300 +0.0000 +0.0238 -0.0507 -3.69 0.998 +0.0478 +0.1246
3.120 move +0.0300 +0.0000 +0.0275 -0.0497 -3.82 0.998 -0.0385 +0.2011
3.140 move +0.0300 +0.0000 +0.0333 -0.0486 -3.71 0.998 -0.0378 +0.2678
3.160 move +0.0300 +0.0000 +0.0403 -0.0479 -3.25 0.997 +0.0486 +0.2902
3.180 move +0.0300 +0.0000 +0.0460 -0.0469 -3.04 0.995 +0.0449 +0.2011
3.200 move +0.0300 +0.0000 +0.0497 -0.0449 -3.01 0.993 +0.0423 +0.1144
3.220 move +0.0300 +0.0000 +0.0510 -0.0423 -3.30 0.991 +0.0412 -0.0132
3.240 move +0.0300 +0.0000 +0.0493 -0.0377 -4.10 0.990 +0.0435 -0.1682
3.260 move +0.0300 +0.0000 +0.0459 -0.0317 -5.09 0.989 +0.0231 -0.2545
3.280 move +0.0300 +0.0000 +0.0416 -0.0249 -6.24 0.989 +0.0184 -0.2489
3.300 move +0.0300 +0.0000 +0.0371 -0.0175 -7.31 0.990 +0.0134 -0.2508
3.320 move +0.0300 +0.0000 +0.0322 -0.0093 -8.04 0.992 +0.0081 -0.2588
3.340 move +0.0300 +0.0000 +0.0273 -0.0003 -8.34 0.994 +0.0017 -0.2508
3.360 move +0.0300 +0.0000 +0.0229 +0.0096 -8.26 0.996 +0.0710 -0.2321
3.380 move +0.0300 +0.0000 +0.0205 +0.0181 -8.14 0.996 +0.0718 -0.1075
3.400 move +0.0300 +0.0000 +0.0195 +0.0254 -7.95 0.996 +0.0674 -0.0578
3.420 move +0.0300 +0.0000 +0.0193 +0.0308 -7.79 0.996 +0.0629 -0.0134
3.440 move +0.0300 +0.0000 +0.0198 +0.0342 -7.74 0.996 +0.0598 +0.0228
3.460 move +0.0300 +0.0000 +0.0208 +0.0361 -7.74 0.996 +0.0579 +0.0484
3.480 move +0.0300 +0.0000 +0.0221 +0.0369 -7.76 0.996 +0.0569 +0.0641
3.500 move +0.0300 +0.0000 +0.0236 +0.0370 -7.77 0.996 +0.0563 +0.0730
3.520 move +0.0300 +0.0000 +0.0253 +0.0365 -7.72 0.996 +0.0561 +0.0839
3.540 move +0.0300 +0.0000 +0.0275 +0.0357 -7.47 0.997 -0.0290 +0.1424
3.560 move +0.0300 +0.0000 +0.0305 +0.0349 -7.15 0.997 -0.0291 +0.1548
3.580 move +0.0300 +0.0000 +0.0345 +0.0342 -7.25 0.998 +0.0587 +0.2144
3.600 move +0.0300 +0.0000 +0.0405 +0.0326 -7.71 0.999 +0.0567 +0.2767
3.620 move +0.0300 +0.0000 +0.0460 +0.0309 -8.02 0.999 +0.0530 +0.2062
3.640 move +0.0300 +0.0000 +0.0495 +0.0289 -7.95 0.998 +0.0501 +0.1181
3.660 move +0.0300 +0.0000 +0.0505 +0.0265 -7.56 0.997 +0.0487 +0.0113
3.680 move +0.0300 +0.0000 +0.0489 +0.0230 -6.96 0.996 +0.0514 -0.1344
3.700 move +0.0300 +0.0000 +0.0449 +0.0180 -6.39 0.996 +0.0552 -0.1873
3.720 move +0.0300 +0.0000 +0.0416 +0.0116 -6.14 0.996 +0.0582 -0.1099
3.740 move +0.0300 +0.0000 +0.0397 +0.0045 -6.00 0.996 +0.0598 -0.0472
3.760 move +0.0300 +0.0000 +0.0387 -0.0022 -5.88 0.996 +0.0021 -0.0086
3.780 move +0.0300 +0.0000 +0.0376 -0.0085 -5.73 0.996 -0.0030 -0.0286
3.800 move +0.0300 +0.0000 +0.0358 -0.0148 -5.44 0.996 +0.0598 -0.0643
3.820 move +0.0300 +0.0000 +0.0340 -0.0200 -4.92 0.997 +0.0601 -0.0338
3.840 move +0.0300 +0.0000 +0.0330 -0.0243 -4.69 0.997 +0.0601 -0.0081
3.860 move +0.0300 +0.0000 +0.0325 -0.0276 -4.76 0.997 +0.0597 +0.0088
3.880 move +0.0300 +0.0000 +0.0324 -0.0304 -4.91 0.997 +0.0592 +0.0208
3.900 move +0.0300 +0.0000 +0.0325 -0.0326 -5.07 0.997 +0.0585 +0.0298
3.920 move +0.0300 +0.0000 +0.0329 -0.0342 -5.20 0.997 +0.0578 +0.0359
3.940 move +0.0300 +0.0000 +0.0335 -0.0351 -5.32 0.998 +0.0572 +0.0399
3.960 move +0.0300 +0.0000 +0.0342 -0.0354 -5.42 0.998 +0.0566 +0.0440
3.980 move +0.0300 +0.0000 +0.0355 -0.0350 -5.58 0.998 +0.0556 +0.1023
4.000 move +0.0300 +0.0000 +0.0375 -0.0345 -5.74 0.999 -0.0244 +0.0948
4.020 move +0.0300 +0.0000 +0.0403 -0.0341 -5.68 1.000 +0.0533 +0.1543
4.040 move +0.0300 +0.0000 +0.0450 -0.0330 -5.33 1.000 +0.0507 +0.1936
4.060 move +0.0300 +0.0000 +0.0491 -0.0316 -5.03 1.000 +0.0478 +0.1433
4.080 move +0.0300 +0.0000 +0.0516 -0.0299 -5.09 0.999 +0.0459 +0.0674
4.100 move +0.0300 +0.0000 +0.0522 -0.0271 -5.44 0.998 +0.0469 -0.0324
4.120 move +0.0300 +0.0000 +0.0510 -0.0227 -5.91 0.998 -0.0159 -0.0852
4.140 move +0.0300 +0.0000 +0.0489 -0.0174 -6.40 0.998 +0.0563 -0.1808
4.160 move +0.0300 +0.0000 +0.0466 -0.0108 -6.78 0.998 +0.0599 -0.1300
4.180 move +0.0300 +0.0000 +0.0456 -0.0041 -6.99 0.998 +0.0614 -0.0704
4.200 move +0.0300 +0.0000 +0.0455 +0.0020 -7.14 0.998 +0.0616 -0.0317
4.220 move +0.0300 +0.0000 +0.0458 +0.0072 -7.19 0.998 +0.0613 -0.0074
4.240 move +0.0300 +0.0000 +0.0463 +0.0116 -7.17 0.998 +0.0608 +0.0056
4.260 move +0.0300 +0.0000 +0.0466 +0.0153 -7.15 0.998 +0.0604 +0.0005
4.280 move +0.0300 +0.0000 +0.0466 +0.0184 -7.11 0.997 +0.0603 -0.0092
4.300 move +0.0300 +0.0000 +0.0463 +0.0210 -7.04 0.997 +0.0604 -0.0167
4.320 move +0.0300 +0.0000 +0.0460 +0.0231 -7.00 0.997 +0.0606 -0.0134
4.340 move +0.0300 +0.0000 +0.0458 +0.0249 -6.91 0.997 +0.0607 +0.0007
4.360 move +0.0300 +0.0000 +0.0460 +0.0263 -6.76 0.997 +0.0605 +0.0196
4.380 move +0.0300 +0.0000 +0.0465 +0.0270 -6.61 0.997 +0.0600 +0.0359
4.400 move +0.0300 +0.0000 +0.0473 +0.0271 -6.50 0.997 +0.0593 +0.0490
4.420 move +0.0300 +0.0000 +0.0487 +0.0264 -6.36 0.998 +0.0581 +0.1132
4.440 move +0.0300 +0.0000 +0.0520 +0.0251 -6.27 0.998 -0.0232 +0.1719
4.460 move +0.0300 +0.0000 +0.0564 +0.0233 -6.44 1.000 +0.0530 +0.2222
4.480 move +0.0300 +0.0000 +0.0621 +0.0207 -6.91 1.000 +0.0492 +0.2519
4.500 move +0.0300 +0.0000 +0.0673 +0.0181 -7.27 0.999 +0.0451 +0.2215
4.520 move +0.0300 +0.0000 +0.0708 +0.0158 -7.25 0.998 +0.0421 +0.1204
4.540 move +0.0300 +0.0000 +0.0717 +0.0128 -6.97 0.997 +0.0425 +0.0045
4.560 move +0.0300 +0.0000 +0.0704 +0.0088 -6.62 0.996 -0.0141 -0.0596
4.580 move +0.0300 +0.0000 +0.0672 +0.0040 -6.04 0.996 +0.0511 -0.1934
4.600 move +0.0300 +0.0000 +0.0636 -0.0020 -5.49 0.997 +0.0546 -0.1301
4.620 move +0.0300 +0.0000 +0.0609 -0.0082 -5.13 0.997 -0.0005 -0.1097
4.640 move +0.0300 +0.0000 +0.0579 -0.0144 -4.88 0.997 -0.0054 -0.1233
4.660 move +0.0300 +0.0000 +0.0542 -0.0205 -4.58 0.998 -0.0102 -0.1472
4.680 move +0.0300 +0.0000 +0.0498 -0.0266 -4.23 0.999 -0.0149 -0.1735
4.700 move +0.0300 +0.0000 +0.0461 -0.0320 -4.13 0.999 +0.0616 -0.0995
4.720 move +0.0300 +0.0000 +0.0439 -0.0360 -4.18 1.000 +0.0623 -0.0511
4.740 move +0.0300 +0.0000 +0.0428 -0.0392 -4.31 0.999 +0.0603 -0.0146
4.760 move +0.0300 +0.0000 +0.0424 -0.0418 -4.46 0.999 +0.0582 +0.0118
4.780 move +0.0300 +0.0000 +0.0425 -0.0439 -4.62 0.999 +0.0565 +0.0295
4.800 move +0.0300 +0.0000 +0.0430 -0.0455 -4.77 0.999 +0.0551 +0.0409
4.820 move +0.0300 +0.0000 +0.0437 -0.0467 -4.91 0.999 +0.0539 +0.0485
4.840 move +0.0300 +0.0000 +0.0446 -0.0473 -5.06 0.999 +0.0532 +0.0487
4.860 move +0.0300 +0.0000 +0.0460 -0.0475 -5.26 0.999 -0.0327 +0.1033
4.880 move +0.0300 +0.0000 +0.0479 -0.0481 -5.46 0.999 -0.0335 +0.0963
4.900 move +0.0300 +0.0000 +0.0504 -0.0491 -5.46 0.998 +0.0540 +0.1437
4.920 move +0.0300 +0.0000 +0.0546 -0.0490 -5.52 0.998 +0.0534 +0.1759
4.940 move +0.0300 +0.0000 +0.0583 -0.0480 -5.63 0.997 +0.0511 +0.1256
4.960 move +0.0300 +0.0000 +0.0604 -0.0462 -5.76 0.996 +0.0498 +0.0500
4.980 move +0.0300 +0.0000 +0.0607 -0.0434 -6.00 0.995 +0.0497 -0.0430
5.000 move +0.0300 +0.0080 +0.0583 -0.0387 -6.51 0.994 +0.0521 -0.2050
5.020 move +0.0300 +0.0160 +0.0548 -0.0322 -6.95 0.995 +0.0569 -0.2156
5.040 move +0.0300 +0.0240 +0.0524 -0.0245 -7.22 0.995 +0.0608 -0.1345
5.060 move +0.0300 +0.0320 +0.0515 -0.0168 -7.37 0.996 +0.0631 -0.0675
5.080 move +0.0300 +0.0400 +0.0517 -0.0099 -7.47 0.996 +0.0641 -0.0185
5.100 move +0.0300 +0.0480 +0.0526 -0.0042 -7.55 0.995 +0.0638 +0.0170
5.120 move +0.0300 +0.0560 +0.0538 +0.0003 -7.62 0.995 +0.0631 +0.0356
5.140 move +0.0300 +0.0640 +0.0550 +0.0040 -7.18 0.994 +0.0624 +0.0470
5.160 move +0.0300 +0.0720 +0.0563 +0.0070 -6.10 0.994 +0.0617 +0.0591
5.180 move +0.0300 +0.0800 +0.0575 +0.0095 -4.75 0.993 +0.0609 +0.0708
5.200 move +0.0300 +0.0880 +0.0589 +0.0116 -3.22 0.993 +0.0599 +0.0775
5.220 move +0.0300 +0.0960 +0.0602 +0.0134 -1.90 0.993 +0.0589 +0.0749
5.240 move +0.0300 +0.1040 +0.0615 +0.0146 -0.84 0.993 +0.0579 +0.0675
5.260 move +0.0300 +0.1120 +0.0626 +0.0152 +0.04 0.993 +0.0570 +0.0603
5.280 move +0.0300 +0.1200 +0.0636 +0.0152 +0.82 0.994 +0.0562 +0.0543
5.300 move +0.0300 +0.1280 +0.0649 +0.0142 +1.62 0.995 +0.0551 +0.1031
5.320 move +0.0300 +0.1360 +0.0682 +0.0125 +2.28 0.996 +0.0524 +0.1623
5.340 move +0.0300 +0.1440 +0.0742 +0.0103 +2.69 0.997 +0.0474 +0.2724
5.360 move +0.0300 +0.1520 +0.0817 +0.0077 +2.93 0.996 -0.0151 +0.2983
5.380 move +0.0300 +0.1600 +0.0889 +0.0053 +3.27 0.993 -0.0143 +0.3053
5.400 move +0.0300 +0.1680 +0.0960 +0.0032 +3.80 0.989 -0.0139 +0.2949
5.420 move +0.0300 +0.1760 +0.1023 +0.0005 +4.46 0.983 -0.0131 +0.2368
5.440 move +0.0300 +0.1840 +0.1068 -0.0031 +5.27 0.977 +0.0229 +0.0714
5.460 move +0.0300 +0.1920 +0.1074 -0.0078 +6.43 0.971 +0.0224 -0.1037
5.480 move +0.0300 +0.2000 +0.1065 -0.0130 +7.60 0.969 +0.0232 -0.1385
5.500 move +0.0300 +0.2080 +0.1048 -0.0183 +8.55 0.970 -0.0015 -0.1529
5.520 move +0.0300 +0.2160 +0.1030 -0.0237 +9.23 0.972 -0.0058 -0.1410
5.540 move +0.0300 +0.2240 +0.1009 -0.0291 +9.89 0.975 -0.0101 -0.1388
5.560 move +0.0300 +0.2320 +0.0984 -0.0345 +10.63 0.978 -0.0145 -0.1448
5.580 move +0.0300 +0.2400 +0.0956 -0.0391 +11.42 0.981 +0.0279 -0.1479
5.600 move +0.0300 +0.2480 +0.0937 -0.0426 +12.39 0.983 +0.0291 -0.0710
5.620 move +0.0300 +0.2500 +0.0937 -0.0456 +13.53 0.984 +0.0291 +0.0022
5.640 move +0.0300 +0.2500 +0.0947 -0.0480 +14.71 0.985 +0.0284 +0.0276
5.660 move +0.0300 +0.2500 +0.0958 -0.0497 +15.91 0.985 +0.0279 +0.0284
5.680 move +0.0300 +0.2500 +0.0965 -0.0508 +17.14 0.986 +0.0279 +0.0187
5.700 move +0.0300 +0.2500 +0.0969 -0.0512 +18.43 0.988 +0.0284 +0.0057
5.720 move +0.0300 +0.2500 +0.0967 -0.0512 +19.79 0.990 +0.0295 -0.0059
5.740 move +0.0300 +0.2500 +0.0967 -0.0505 +20.51 0.992 +0.0302 +0.0627
5.760 move +0.0300 +0.2500 +0.0976 -0.0500 +20.46 0.994 -0.0271 +0.0677
5.780 move +0.0300 +0.2500 +0.0989 -0.0499 +20.28 0.994 -0.0273 +0.0869
5.800 move +0.0300 +0.2500 +0.1007 -0.0502 +20.16 0.994 -0.0277 +0.0893
5.820 move +0.0300 +0.2500 +0.1031 -0.0511 +20.11 0.992 -0.0287 +0.1004
5.840 move +0.0300 +0.2500 +0.1058 -0.0524 +20.09 0.989 -0.0301 +0.1064
5.860 move +0.0300 +0.2500 +0.1069 -0.0520 +19.80 0.986 +0.0441 +0.0015
5.880 move +0.0300 +0.2500 +0.1051 -0.0487 +19.27 0.984 +0.0463 -0.0777
5.900 move +0.0300 +0.2500 +0.1020 -0.0439 +18.81 0.983 +0.0225 -0.1108
5.920 move +0.0300 +0.2500 +0.0979 -0.0380 +18.45 0.983 +0.0180 -0.1119
5.940 move +0.0300 +0.2500 +0.0934 -0.0315 +18.20 0.985 +0.0129 -0.1003
5.960 move +0.0300 +0.2500 +0.0885 -0.0244 +18.08 0.987 +0.0074 -0.0946
5.980 move +0.0300 +0.2500 +0.0832 -0.0168 +18.00 0.990 +0.0014 -0.1047
6.000 move +0.0300 +0.2500 +0.0771 -0.0088 +17.87 0.994 -0.0048 -0.1358
6.020 move +0.0300 +0.2500 +0.0707 -0.0005 +17.88 0.996 -0.0113 -0.1183
6.040 move +0.0300 +0.2500 +0.0661 +0.0068 +18.04 0.998 +0.0651 -0.0321
6.060 move +0.0300 +0.2500 +0.0642 +0.0118 +18.22 0.998 +0.0637 +0.0309
6.080 move +0.0300 +0.2500 +0.0637 +0.0164 +18.49 0.998 +0.0601 +0.0692
6.100 move +0.0300 +0.2500 +0.0640 +0.0201 +18.75 0.998 +0.0571 +0.0841
6.120 move +0.0300 +0.2500 +0.0650 +0.0225 +18.92 0.998 +0.0548 +0.0821
6.140 move +0.0300 +0.2500 +0.0663 +0.0238 +18.98 0.998 +0.0534 +0.0709
6.160 move +0.0300 +0.2500 +0.0676 +0.0240 +19.01 0.998 +0.0528 +0.0608
6.180 move +0.0300 +0.2500 +0.0695 +0.0233 +19.21 0.998 +0.0533 +0.0918
6.200 move +0.0300 +0.2500 +0.0723 +0.0225 +19.47 0.998 -0.0317 +0.1142
6.220 move +0.0300 +0.2500 +0.0760 +0.0218 +19.31 0.999 +0.0546 +0.1624
6.240 move +0.0300 +0.2500 +0.0814 +0.0210 +18.77 0.999 -0.0316 +0.2104
6.260 move +0.0300 +0.2500 +0.0874 +0.0208 +18.36 0.998 -0.0318 +0.2397
6.280 move +0.0300 +0.2500 +0.0932 +0.0210 +18.06 0.996 -0.0324 +0.2087
6.300 move +0.0300 +0.2500 +0.0979 +0.0200 +18.11 0.993 -0.0323 +0.1222
6.320 move +0.0300 +0.2500 +0.1011 +0.0171 +18.45 0.990 +0.0449 +0.0096
6.340 move +0.0300 +0.2500 +0.1009 +0.0124 +19.27 0.988 +0.0448 -0.1784
6.360 move +0.0300 +0.2500 +0.0996 +0.0070 +19.90 0.987 +0.0205 -0.1862
6.380 move +0.0300 +0.2500 +0.0981 +0.0008 +20.26 0.987 +0.0156 -0.1827
6.400 move +0.0300 +0.2500 +0.0963 -0.0060 +20.55 0.988 +0.0101 -0.1938
6.420 move +0.0300 +0.2500 +0.0939 -0.0135 +20.78 0.989 +0.0042 -0.2181
6.440 move +0.0300 +0.2500 +0.0909 -0.0215 +20.96 0.992 -0.0021 -0.2517
6.460 move +0.0300 +0.2500 +0.0882 -0.0287 +20.97 0.994 +0.0535 -0.1666
6.480 move +0.0300 +0.2500 +0.0870 -0.0342 +20.89 0.995 +0.0546 -0.1164
6.500 move +0.0300 +0.2500 +0.0866 -0.0396 +20.79 0.996 +0.0548 -0.0837
6.520 move +0.0300 +0.2500 +0.0866 -0.0440 +20.68 0.997 +0.0547 -0.0467
6.540 move +0.0300 +0.2500 +0.0869 -0.0471 +20.57 0.998 +0.0544 -0.0133
6.560 move +0.0300 +0.2500 +0.0875 -0.0489 +20.47 0.998 +0.0539 +0.0134
6.580 move +0.0300 +0.2500 +0.0882 -0.0497 +20.39 0.998 +0.0533 +0.0335
6.600 move +0.0300 +0.2500 +0.0889 -0.0496 +20.30 0.999 +0.0528 +0.0497
6.620 move +0.0300 +0.2500 +0.0901 -0.0487 +20.18 0.999 -0.0252 +0.1100
6.640 move +0.0300 +0.2500 +0.0920 -0.0479 +19.98 0.999 -0.0249 +0.1176
6.660 move +0.0300 +0.2500 +0.0945 -0.0474 +20.11 1.000 -0.0248 +0.1217
6.680 move +0.0300 +0.2500 +0.0979 -0.0469 +20.37 1.000 +0.0561 +0.1670
6.700 move +0.0300 +0.2500 +0.1008 -0.0459 +20.52 0.999 +0.0565 +0.1182
6.720 move +0.0300 +0.2500 +0.1023 -0.0446 +20.24 0.999 +0.0567 +0.0657
6.740 move +0.0300 +0.2500 +0.1019 -0.0422 +19.80 0.998 +0.0586 +0.0075
6.760 move +0.0300 +0.2500 +0.0999 -0.0387 +19.33 0.997 +0.0625 -0.0297
6.780 move +0.0300 +0.2500 +0.0961 -0.0339 +18.83 0.997 +0.0672 -0.1073
6.800 move +0.0300 +0.2500 +0.0927 -0.0279 +18.52 0.997 +0.0706 -0.0150
6.820 move +0.0300 +0.2500 +0.0910 -0.0213 +18.39 0.997 +0.0709 +0.0514
6.840 move +0.0300 +0.2500 +0.0905 -0.0150 +18.36 0.997 +0.0699 +0.0840
6.860 move +0.0300 +0.2500 +0.0906 -0.0096 +18.42 0.997 +0.0685 +0.0951
6.880 move +0.0300 +0.2500 +0.0912 -0.0050 +18.45 0.997 +0.0669 +0.0966
6.900 move +0.0300 +0.2500 +0.0919 -0.0012 +18.35 0.996 +0.0654 +0.0906
6.920 move +0.0300 +0.2500 +0.0925 +0.0020 +18.28 0.996 +0.0642 +0.0758
6.940 move +0.0300 +0.2500 +0.0929 +0.0046 +18.27 0.995 +0.0632 +0.0602
6.960 move +0.0300 +0.2500 +0.0931 +0.0068 +18.32 0.995 +0.0624 +0.0455
6.980 move +0.0300 +0.2500 +0.0932 +0.0083 +18.43 0.994 +0.0618 +0.0337
7.000 move +0.0300 +0.2500 +0.0935 +0.0093 +18.56 0.994 +0.0613 +0.0383
7.020 move +0.0300 +0.2500 +0.0941 +0.0099 +18.69 0.994 +0.0606 +0.0461
7.040 move +0.0300 +0.2500 +0.0951 +0.0101 +18.81 0.995 +0.0597 +0.0521
7.060 move +0.0300 +0.2500 +0.0968 +0.0097 +18.98 0.996 +0.0585 +0.0931
7.080 move +0.0300 +0.2500 +0.0999 +0.0090 +19.15 0.997 +0.0561 +0.1350
7.100 move +0.0300 +0.2500 +0.1056 +0.0079 +18.88 0.999 -0.0194 +0.2141
7.120 move +0.0300 +0.2500 +0.1120 +0.0067 +18.43 0.999 -0.0189 +0.2385
7.140 move +0.0300 +0.2500 +0.1187 +0.0057 +18.13 0.998 -0.0185 +0.2510
7.160 move +0.0300 +0.2500 +0.1253 +0.0053 +17.97 0.996 -0.0185 +0.2527
7.180 move +0.0300 +0.2500 +0.1313 +0.0037 +17.91 0.992 -0.0179 +0.1947
7.200 move +0.0300 +0.2500 +0.1363 +0.0008 +18.02 0.988 +0.0338 +0.0808
7.220 move +0.0300 +0.2500 +0.1374 -0.0039 +18.39 0.984 +0.0318 -0.1369
7.240 move +0.0300 +0.2500 +0.1371 -0.0094 +18.80 0.982 +0.0065 -0.1463
7.260 move +0.0300 +0.2500 +0.1366 -0.0151 +18.97 0.982 +0.0021 -0.1234
7.280 move +0.0300 +0.2500 +0.1359 -0.0208 +18.93 0.982 -0.0023 -0.1187
7.300 move +0.0300 +0.2500 +0.1347 -0.0261 +18.91 0.983 +0.0323 -0.1247
7.320 move +0.0300 +0.2500 +0.1335 -0.0302 +18.94 0.985 +0.0334 -0.0814
7.340 move +0.0300 +0.2500 +0.1337 -0.0347 +19.16 0.985 +0.0334 -0.0351
7.360 move +0.0300 +0.2500 +0.1345 -0.0389 +19.46 0.985 +0.0327 -0.0164
7.380 move +0.0300 +0.2500 +0.1353 -0.0425 +19.76 0.986 +0.0321 -0.0115
7.400 move +0.0300 +0.2500 +0.1358 -0.0454 +20.07 0.986 +0.0318 -0.0116
7.420 move +0.0300 +0.2500 +0.1360 -0.0475 +20.42 0.987 +0.0318 -0.0139
7.440 move +0.0300 +0.2500 +0.1358 -0.0487 +20.82 0.989 +0.0323 -0.0165
7.460 move +0.0300 +0.2500 +0.1353 -0.0491 +21.28 0.990 +0.0331 -0.0208
7.480 move +0.0300 +0.2500 +0.1343 -0.0488 +21.76 0.992 +0.0343 -0.0190
7.500 move +0.0300 +0.2500 +0.1339 -0.0479 +21.86 0.994 +0.0350 +0.0548
7.520 move +0.0300 +0.2500 +0.1344 -0.0471 +21.68 0.996 -0.0233 +0.0607
7.540 move +0.0300 +0.2500 +0.1354 -0.0466 +21.54 0.997 -0.0231 +0.0833
7.560 move +0.0300 +0.2500 +0.1371 -0.0464 +21.60 0.997 -0.0232 +0.0876
7.580 move +0.0300 +0.2500 +0.1394 -0.0467 +21.64 0.996 +0.0472 +0.0984
7.600 move +0.0300 +0.2500 +0.1402 -0.0465 +21.64 0.995 +0.0484 +0.0178
7.620 move +0.0300 +0.2500 +0.1390 -0.0453 +21.31 0.994 +0.0506 -0.0532
7.640 move +0.0300 +0.2500 +0.1351 -0.0423 +20.63 0.994 +0.0549 -0.1616
7.660 move +0.0300 +0.2500 +0.1299 -0.0373 +19.99 0.994 +0.0602 -0.1482
7.680 move +0.0300 +0.2500 +0.1248 -0.0310 +19.54 0.995 +0.0114 -0.1210
7.700 move +0.0300 +0.2500 +0.1194 -0.0245 +19.30 0.996 +0.0064 -0.1302
7.720 move +0.0300 +0.2500 +0.1134 -0.0178 +19.18 0.997 +0.0013 -0.1483
7.740 move +0.0300 +0.2500 +0.1086 -0.0123 +18.93 0.997 +0.0719 -0.0780
7.760 move +0.0300 +0.2500 +0.1056 -0.0081 +18.63 0.996 +0.0730 -0.0273
7.780 move +0.0300 +0.2500 +0.1036 -0.0035 +18.60 0.995 +0.0730 +0.0156
7.800 move +0.0300 +0.2500 +0.1028 +0.0008 +18.75 0.994 +0.0722 +0.0600
7.820 move +0.0300 +0.2500 +0.1031 +0.0048 +18.93 0.994 +0.0692 +0.0925
7.840 move +0.0300 +0.2500 +0.1042 +0.0080 +19.15 0.994 +0.0667 +0.1091
7.860 move +0.0300 +0.2500 +0.1059 +0.0104 +19.34 0.994 +0.0648 +0.1138
7.880 move +0.0300 +0.2500 +0.1079 +0.0120 +19.47 0.995 +0.0635 +0.1117
7.900 move +0.0300 +0.2500 +0.1101 +0.0128 +19.57 0.995 +0.0623 +0.1043
7.920 move +0.0300 +0.2500 +0.1124 +0.0131 +19.61 0.996 +0.0604 +0.0938
7.940 move +0.0300 +0.2500 +0.1149 +0.0126 +19.71 0.997 +0.0585 +0.1222
7.960 move +0.0300 +0.2500 +0.1187 +0.0118 +19.87 0.998 -0.0223 +0.1472
7.980 move +0.0300 +0.2500 +0.1229 +0.0111 +19.74 0.999 +0.0550 +0.1597
8.000 move +0.0300 +0.2500 +0.1284 +0.0094 +19.20 1.000 -0.0213 +0.1954
8.020 move +0.0300 +0.2500 +0.1344 +0.0080 +18.83 1.000 -0.0205 +0.2136
8.040 move +0.0300 +0.2500 +0.1405 +0.0069 +18.67 0.998 -0.0200 +0.2250
8.060 move +0.0300 +0.2500 +0.1462 +0.0049 +18.67 0.996 -0.0189 +0.1750
8.080 move +0.0300 +0.2500 +0.1513 +0.0014 +18.82 0.993 +0.0404 +0.1266
8.100 move +0.0300 +0.2500 +0.1533 -0.0032 +19.18 0.990 +0.0378 -0.1033
8.120 move +0.0300 +0.2500 +0.1534 -0.0085 +19.65 0.988 +0.0071 -0.1203
8.140 move +0.0300 +0.2500 +0.1534 -0.0140 +19.85 0.988 +0.0028 -0.1069
8.160 move +0.0300 +0.2500 +0.1531 -0.0195 +19.87 0.987 -0.0015 -0.1074
8.180 move +0.0300 +0.2500 +0.1523 -0.0250 +19.95 0.988 +0.0379 -0.1171
8.200 move +0.0300 +0.2500 +0.1514 -0.0298 +20.13 0.989 +0.0388 -0.0901
8.220 move +0.0300 +0.2500 +0.1516 -0.0347 +20.43 0.989 +0.0388 -0.0532
8.240 move +0.0300 +0.2500 +0.1523 -0.0392 +20.76 0.989 +0.0384 -0.0315
8.260 move +0.0300 +0.2500 +0.1529 -0.0429 +21.08 0.990 +0.0380 -0.0237
8.280 move +0.0300 +0.2500 +0.1532 -0.0456 +21.41 0.991 +0.0379 -0.0229
8.300 move +0.0300 +0.2500 +0.1531 -0.0475 +21.78 0.992 +0.0383 -0.0254
8.320 move +0.0300 +0.2500 +0.1526 -0.0485 +22.12 0.993 +0.0390 -0.0224
8.340 move +0.0300 +0.2500 +0.1519 -0.0489 +22.06 0.994 +0.0397 -0.0239
8.360 move +0.0300 +0.2500 +0.1509 -0.0490 +21.83 0.996 +0.0406 -0.0277
8.380 move +0.0300 +0.2500 +0.1503 -0.0486 +21.60 0.997 -0.0241 +0.0416
8.400 move +0.0300 +0.2500 +0.1505 -0.0482 +21.31 0.999 -0.0243 +0.0456
8.420 move +0.0300 +0.2500 +0.1514 -0.0481 +21.21 0.999 -0.0244 +0.0621
8.440 move +0.0300 +0.2500 +0.1531 -0.0484 +21.46 0.999 +0.0509 +0.0952
8.460 move +0.0300 +0.2500 +0.1547 -0.0484 +21.54 0.998 +0.0531 +0.0537
8.480 move +0.0300 +0.2500 +0.1551 -0.0478 +21.23 0.997 +0.0541 +0.0208
8.500 stand +0.0000 +0.0000 +0.1547 -0.0464 +19.59 0.996 +0.0547 -0.0060
8.520 stand +0.0000 +0.0000 +0.1540 -0.0451 +15.45 0.993 +0.0547 -0.0323
8.540 stand +0.0000 +0.0000 +0.1531 -0.0438 +9.71 0.992 +0.0547 -0.0485
8.560 stand +0.0000 +0.0000 +0.1519 -0.0425 +5.62 0.991 +0.0556 -0.0576
8.580 stand +0.0000 +0.0000 +0.1503 -0.0413 +3.45 0.991 +0.0570 -0.0708
8.600 stand +0.0000 +0.0000 +0.1484 -0.0401 +2.72 0.992 +0.0584 -0.0827
8.620 stand +0.0000 +0.0000 +0.1462 -0.0387 +2.67 0.993 +0.0600 -0.0901
8.640 stand +0.0000 +0.0000 +0.1439 -0.0370 +2.85 0.994 +0.0616 -0.0954
8.660 stand +0.0000 +0.0000 +0.1416 -0.0351 +3.08 0.995 +0.0632 -0.0914
8.680 stand +0.0000 +0.0000 +0.1395 -0.0330 +3.14 0.997 +0.0648 -0.0786
8.700 stand +0.0000 +0.0000 +0.1377 -0.0309 +3.11 0.997 +0.0661 -0.0658
8.720 stand +0.0000 +0.0000 +0.1362 -0.0289 +3.10 0.998 +0.0671 -0.0542
8.740 stand +0.0000 +0.0000 +0.1350 -0.0269 +3.13 0.999 +0.0679 -0.0417
8.760 stand +0.0000 +0.0000 +0.1341 -0.0250 +3.13 0.999 +0.0684 -0.0303
8.780 stand +0.0000 +0.0000 +0.1334 -0.0233 +3.13 0.999 +0.0687 -0.0196
8.800 stand +0.0000 +0.0000 +0.1330 -0.0216 +3.12 1.000 +0.0688 -0.0097
8.820 stand +0.0000 +0.0000 +0.1329 -0.0201 +3.11 1.000 +0.0687 -0.0014
8.840 stand +0.0000 +0.0000 +0.1329 -0.0186 +3.10 1.000 +0.0684 +0.0052
8.860 stand +0.0000 +0.0000 +0.1330 -0.0171 +3.10 1.000 +0.0680 +0.0098
8.880 stand +0.0000 +0.0000 +0.1332 -0.0156 +3.09 1.000 +0.0675 +0.0128
8.900 stand +0.0000 +0.0000 +0.1334 -0.0142 +3.08 1.000 +0.0670 +0.0140
8.920 stand +0.0000 +0.0000 +0.1337 -0.0127 +3.07 1.000 +0.0665 +0.0137
8.940 stand +0.0000 +0.0000 +0.1339 -0.0111 +3.07 1.000 +0.0661 +0.0123
8.960 stand +0.0000 +0.0000 +0.1341 -0.0096 +3.05 1.000 +0.0657 +0.0101
8.980 stand +0.0000 +0.0000 +0.1342 -0.0079 +3.05 0.999 +0.0653 +0.0073
9.000 stand +0.0000 +0.0000 +0.1342 -0.0061 +3.04 0.999 +0.0651 +0.0040
9.020 stand +0.0000 +0.0000 +0.1341 -0.0043 +3.04 0.999 +0.0649 -0.0018
9.040 stand +0.0000 +0.0000 +0.1339 -0.0025 +3.04 0.998 +0.0648 -0.0077
9.060 stand +0.0000 +0.0000 +0.1336 -0.0010 +3.05 0.998 +0.0648 -0.0121
9.080 stand +0.0000 +0.0000 +0.1332 +0.0004 +3.06 0.998 +0.0649 -0.0141
9.100 stand +0.0000 +0.0000 +0.1328 +0.0014 +3.07 0.997 +0.0651 -0.0133
9.120 stand +0.0000 +0.0000 +0.1325 +0.0021 +3.08 0.997 +0.0652 -0.0111
9.140 stand +0.0000 +0.0000 +0.1322 +0.0025 +3.09 0.997 +0.0653 -0.0082
9.160 stand +0.0000 +0.0000 +0.1321 +0.0026 +3.10 0.997 +0.0653 -0.0051
9.180 stand +0.0000 +0.0000 +0.1320 +0.0023 +3.11 0.997 +0.0653 -0.0022
9.200 stand +0.0000 +0.0000 +0.1320 +0.0019 +3.13 0.997 +0.0653 +0.0001
9.220 stand +0.0000 +0.0000 +0.1321 +0.0013 +3.14 0.997 +0.0652 +0.0017
9.240 stand +0.0000 +0.0000 +0.1322 +0.0006 +3.15 0.998 +0.0652 +0.0025
9.260 stand +0.0000 +0.0000 +0.1323 -0.0001 +3.16 0.998 +0.0651 +0.0029
9.280 stand +0.0000 +0.0000 +0.1324 -0.0008 +3.17 0.998 +0.0650 +0.0030
9.300 stand +0.0000 +0.0000 +0.1325 -0.0015 +3.18 0.998 +0.0649 +0.0030
9.320 stand +0.0000 +0.0000 +0.1326 -0.0021 +3.18 0.998 +0.0648 +0.0029
9.340 stand +0.0000 +0.0000 +0.1327 -0.0026 +3.19 0.998 +0.0647 +0.0027
9.360 stand +0.0000 +0.0000 +0.1328 -0.0030 +3.19 0.999 +0.0647 +0.0024
9.380 stand +0.0000 +0.0000 +0.1329 -0.0033 +3.20 0.999 +0.0646 +0.0020
9.400 stand +0.0000 +0.0000 +0.1329 -0.0035 +3.20 0.999 +0.0645 +0.0015
9.420 stand +0.0000 +0.0000 +0.1329 -0.0036 +3.20 0.999 +0.0644 +0.0009
9.440 stand +0.0000 +0.0000 +0.1329 -0.0036 +3.20 0.999 +0.0644 +0.0003
9.460 stand +0.0000 +0.0000 +0.1329 -0.0035 +3.21 0.999 +0.0643 -0.0002
9.480 stand +0.0000 +0.0000 +0.1329 -0.0033 +3.21 0.999 +0.0643 -0.0008
