Day-1 steer log
applied_vx is the clamped forward-gait command (amplitude 1 at 0.080 m/s), not a separate odometry claim. Reverse command saturates at -0.032 m/s (0.4× amplitude) with stance damper 100 N/(m/s). Yaw cap is ±0.25 rad/s; hip-yaw clip 0.12 rad plus outside-step scale 0.20. Measured forward Δx=-0.967 m, mean body vx=-0.053 m/s. tip=False; CoP in box=True (outside 0.0000 m); peak leg torque=2.10 Nm (limit 2.1). Stance-slip damper is 25 N/(m/s), down from the CSF50 crawl's 115. Foot box, friction, kp, and ±2.1 Nm are unchanged.
fault=False reason=-
t mode applied_vx applied_yaw_rate x y yaw_deg up_z margin body_vx
0.000 stand +0.0000 +0.0000 +0.0002 -0.0000 +0.00 1.000 +0.0641 +0.0146
0.020 stand +0.0000 +0.0000 +0.0006 +0.0000 +0.00 1.000 +0.0638 +0.0154
0.040 stand +0.0000 +0.0000 +0.0010 +0.0000 +0.00 1.000 +0.0635 +0.0147
0.060 stand +0.0000 +0.0000 +0.0013 +0.0000 +0.00 1.000 +0.0632 +0.0140
0.080 stand +0.0000 +0.0000 +0.0016 +0.0001 +0.00 1.000 +0.0629 +0.0124
0.100 stand +0.0000 +0.0000 +0.0019 +0.0001 +0.00 1.000 +0.0627 +0.0104
0.120 stand +0.0000 +0.0000 +0.0021 +0.0001 +0.00 1.000 +0.0625 +0.0080
0.140 stand +0.0000 +0.0000 +0.0023 +0.0002 -0.00 1.000 +0.0624 +0.0055
0.160 stand +0.0000 +0.0000 +0.0023 +0.0002 -0.00 1.000 +0.0623 +0.0030
0.180 stand +0.0000 +0.0000 +0.0024 +0.0003 -0.00 1.000 +0.0623 +0.0007
0.200 stand +0.0000 +0.0000 +0.0024 +0.0003 -0.00 1.000 +0.0623 -0.0011
0.220 stand +0.0000 +0.0000 +0.0023 +0.0004 -0.00 1.000 +0.0624 -0.0024
0.240 stand +0.0000 +0.0000 +0.0022 +0.0005 -0.00 1.000 +0.0624 -0.0032
0.260 stand +0.0000 +0.0000 +0.0022 +0.0005 -0.00 1.000 +0.0625 -0.0036
0.280 stand +0.0000 +0.0000 +0.0021 +0.0006 -0.00 1.000 +0.0626 -0.0035
0.300 stand +0.0000 +0.0000 +0.0020 +0.0007 -0.00 1.000 +0.0627 -0.0032
0.320 stand +0.0000 +0.0000 +0.0019 +0.0008 -0.00 1.000 +0.0627 -0.0026
0.340 stand +0.0000 +0.0000 +0.0019 +0.0009 -0.00 1.000 +0.0628 -0.0019
0.360 stand +0.0000 +0.0000 +0.0018 +0.0010 -0.00 1.000 +0.0628 -0.0012
0.380 stand +0.0000 +0.0000 +0.0018 +0.0012 -0.00 1.000 +0.0628 -0.0005
0.400 stand +0.0000 +0.0000 +0.0018 +0.0014 -0.00 1.000 +0.0628 +0.0001
0.420 stand +0.0000 +0.0000 +0.0018 +0.0015 -0.01 1.000 +0.0628 +0.0006
0.440 stand +0.0000 +0.0000 +0.0018 +0.0017 -0.01 1.000 +0.0628 +0.0009
0.460 stand +0.0000 +0.0000 +0.0019 +0.0020 -0.01 1.000 +0.0627 +0.0010
0.480 stand +0.0000 +0.0000 +0.0019 +0.0023 -0.01 1.000 +0.0627 +0.0011
0.500 stand +0.0000 +0.0000 +0.0019 +0.0026 -0.01 1.000 +0.0627 +0.0010
0.520 stand +0.0000 +0.0000 +0.0019 +0.0029 -0.01 1.000 +0.0627 +0.0009
0.540 stand +0.0000 +0.0000 +0.0020 +0.0033 -0.01 1.000 +0.0627 +0.0007
0.560 stand +0.0000 +0.0000 +0.0020 +0.0037 -0.01 1.000 +0.0627 +0.0004
0.580 stand +0.0000 +0.0000 +0.0020 +0.0042 -0.02 1.000 +0.0627 +0.0002
0.600 stand +0.0000 +0.0000 +0.0020 +0.0048 -0.02 1.000 +0.0627 +0.0000
0.620 stand +0.0000 +0.0000 +0.0020 +0.0054 -0.02 1.000 +0.0627 -0.0001
0.640 stand +0.0000 +0.0000 +0.0020 +0.0061 -0.02 1.000 +0.0627 -0.0002
0.660 stand +0.0000 +0.0000 +0.0020 +0.0069 -0.03 1.000 +0.0627 -0.0003
0.680 stand +0.0000 +0.0000 +0.0020 +0.0078 -0.03 0.999 +0.0627 -0.0003
0.700 stand +0.0000 +0.0000 +0.0020 +0.0088 -0.03 0.999 +0.0627 -0.0003
0.720 stand +0.0000 +0.0000 +0.0019 +0.0100 -0.04 0.999 +0.0627 -0.0003
0.740 stand +0.0000 +0.0000 +0.0019 +0.0112 -0.04 0.999 +0.0627 -0.0013
0.760 stand +0.0000 +0.0000 +0.0019 +0.0124 -0.05 0.999 +0.0627 -0.0015
0.780 stand +0.0000 +0.0000 +0.0019 +0.0135 -0.05 0.998 +0.0628 -0.0018
0.800 stand +0.0000 +0.0000 +0.0018 +0.0143 -0.06 0.998 +0.0628 -0.0020
0.820 stand +0.0000 +0.0000 +0.0018 +0.0150 -0.06 0.998 +0.0628 -0.0020
0.840 stand +0.0000 +0.0000 +0.0017 +0.0153 -0.06 0.998 +0.0629 -0.0018
0.860 stand +0.0000 +0.0000 +0.0017 +0.0155 -0.06 0.998 +0.0629 -0.0015
0.880 stand +0.0000 +0.0000 +0.0017 +0.0154 -0.06 0.998 +0.0629 -0.0011
0.900 stand +0.0000 +0.0000 +0.0016 +0.0152 -0.06 0.998 +0.0629 -0.0006
0.920 stand +0.0000 +0.0000 +0.0016 +0.0148 -0.06 0.998 +0.0630 -0.0002
0.940 stand +0.0000 +0.0000 +0.0016 +0.0144 -0.05 0.998 +0.0629 +0.0003
0.960 stand +0.0000 +0.0000 +0.0016 +0.0139 -0.05 0.998 +0.0629 +0.0007
0.980 stand +0.0000 +0.0000 +0.0017 +0.0134 -0.05 0.998 +0.0629 +0.0011
1.000 move -0.0016 +0.0000 +0.0017 +0.0130 -0.04 0.998 +0.0629 +0.0013
1.020 move -0.0032 +0.0000 +0.0017 +0.0127 -0.09 0.998 +0.0629 +0.0023
1.040 move -0.0048 +0.0000 +0.0017 +0.0124 -0.16 0.999 +0.0629 -0.0023
1.060 move -0.0064 +0.0000 +0.0015 +0.0121 -0.22 0.999 +0.0632 -0.0126
1.080 move -0.0080 +0.0000 +0.0009 +0.0117 -0.25 0.998 +0.0638 -0.0265
1.100 move -0.0096 +0.0000 -0.0000 +0.0113 -0.27 0.998 +0.0647 -0.0433
1.120 move -0.0112 +0.0000 -0.0014 +0.0109 -0.26 0.998 +0.0660 -0.0624
1.140 move -0.0128 +0.0000 -0.0032 +0.0103 -0.26 0.997 +0.0676 -0.0829
1.160 move -0.0144 +0.0000 -0.0058 +0.0097 -0.20 0.997 +0.0697 -0.1213
1.180 move -0.0160 +0.0000 -0.0099 +0.0094 +0.14 0.996 +0.0731 -0.1850
1.200 move -0.0176 +0.0000 -0.0158 +0.0092 +0.80 0.993 +0.0676 -0.2508
1.220 move -0.0192 +0.0000 -0.0234 +0.0089 +1.28 0.988 +0.0609 -0.3232
1.240 move -0.0208 +0.0000 -0.0328 +0.0086 +1.56 0.982 +0.0530 -0.4128
1.260 move -0.0224 +0.0000 -0.0428 +0.0082 +1.86 0.975 +0.0453 -0.4122
1.280 move -0.0240 +0.0000 -0.0514 +0.0078 +2.23 0.969 +0.0059 -0.3663
1.300 move -0.0256 +0.0000 -0.0592 +0.0075 +2.37 0.964 +0.0057 -0.3430
1.320 move -0.0272 +0.0000 -0.0655 +0.0075 +2.34 0.960 +0.0333 -0.2082
1.340 move -0.0288 +0.0000 -0.0699 +0.0082 +2.35 0.955 +0.0299 -0.1486
1.360 move -0.0304 +0.0000 -0.0735 +0.0094 +2.32 0.951 -0.0078 -0.1217
1.380 move -0.0320 +0.0000 -0.0767 +0.0109 +2.20 0.947 -0.0089 -0.1210
1.400 move -0.0320 +0.0000 -0.0796 +0.0126 +2.04 0.944 -0.0103 -0.1224
1.420 move -0.0320 +0.0000 -0.0822 +0.0143 +1.87 0.941 -0.0117 -0.1216
1.440 move -0.0320 +0.0000 -0.0845 +0.0160 +1.73 0.938 -0.0133 -0.1101
1.460 move -0.0320 +0.0000 -0.0865 +0.0176 +1.51 0.934 -0.0149 -0.1182
1.480 move -0.0320 +0.0000 -0.0888 +0.0192 +1.40 0.932 +0.0249 -0.1456
1.500 move -0.0320 +0.0000 -0.0954 +0.0204 +1.48 0.922 +0.0227 -0.3023
1.520 move -0.0320 +0.0000 -0.1032 +0.0210 +1.27 0.912 +0.0183 -0.2928
1.540 move -0.0320 +0.0000 -0.1085 +0.0215 +0.78 0.906 -0.0184 -0.1846
1.560 move -0.0320 +0.0000 -0.1124 +0.0218 +0.07 0.904 -0.0188 -0.2013
1.580 move -0.0320 +0.0000 -0.1163 +0.0217 -0.47 0.903 +0.0147 -0.1265
1.600 move -0.0320 +0.0000 -0.1173 +0.0201 -1.22 0.903 +0.0134 +0.0707
1.620 move -0.0320 +0.0000 -0.1172 +0.0173 -1.70 0.906 +0.0136 +0.0766
1.640 move -0.0320 +0.0000 -0.1170 +0.0140 -1.91 0.910 +0.0120 +0.0392
1.660 move -0.0320 +0.0000 -0.1166 +0.0103 -2.07 0.913 +0.0092 +0.0133
1.680 move -0.0320 +0.0000 -0.1162 +0.0064 -2.32 0.916 +0.0061 +0.0001
1.700 move -0.0320 +0.0000 -0.1155 +0.0023 -2.67 0.919 +0.0028 -0.0051
1.720 move -0.0320 +0.0000 -0.1146 -0.0018 -2.99 0.922 -0.0007 +0.0031
1.740 move -0.0320 +0.0000 -0.1135 -0.0059 -3.25 0.927 -0.0043 -0.0059
1.760 move -0.0320 +0.0000 -0.1125 -0.0100 -3.61 0.934 +0.0250 -0.0090
1.780 move -0.0320 +0.0000 -0.1155 -0.0131 -4.17 0.933 +0.0275 -0.1575
1.800 move -0.0320 +0.0000 -0.1197 -0.0153 -4.12 0.930 +0.0261 -0.1359
1.820 move -0.0320 +0.0000 -0.1215 -0.0173 -3.59 0.931 +0.0272 -0.0374
1.840 move -0.0320 +0.0000 -0.1209 -0.0188 -3.07 0.937 -0.0161 +0.0047
1.860 move -0.0320 +0.0000 -0.1201 -0.0200 -2.62 0.942 +0.0326 +0.0451
1.880 move -0.0320 +0.0000 -0.1180 -0.0198 -2.10 0.946 +0.0345 +0.1222
1.900 move -0.0320 +0.0000 -0.1158 -0.0182 -1.73 0.949 +0.0365 +0.1216
1.920 move -0.0320 +0.0000 -0.1133 -0.0158 -1.55 0.953 +0.0134 +0.1174
1.940 move -0.0320 +0.0000 -0.1105 -0.0129 -1.50 0.958 +0.0111 +0.1093
1.960 move -0.0320 +0.0000 -0.1072 -0.0097 -1.43 0.962 +0.0085 +0.1155
1.980 move -0.0320 +0.0000 -0.1034 -0.0062 -1.28 0.968 +0.0468 +0.1345
2.000 move -0.0320 +0.0000 -0.1002 -0.0030 -1.17 0.972 +0.0027 +0.0729
2.020 move -0.0320 +0.0000 -0.0980 +0.0003 -1.22 0.976 +0.0500 +0.0654
2.040 move -0.0320 +0.0000 -0.0998 +0.0029 -0.64 0.976 +0.0486 -0.1568
2.060 move -0.0320 +0.0000 -0.1060 +0.0045 -0.23 0.972 +0.0434 -0.2910
2.080 move -0.0320 +0.0000 -0.1127 +0.0056 -0.26 0.969 +0.0375 -0.2771
2.100 move -0.0320 +0.0000 -0.1171 +0.0064 -0.60 0.968 -0.0051 -0.1796
2.120 move -0.0320 +0.0000 -0.1201 +0.0069 -1.18 0.969 -0.0057 -0.1457
2.140 move -0.0320 +0.0000 -0.1216 +0.0068 -1.73 0.969 +0.0350 +0.0160
2.160 move -0.0320 +0.0000 -0.1211 +0.0056 -2.27 0.967 +0.0366 +0.0714
2.180 move -0.0320 +0.0000 -0.1203 +0.0037 -2.60 0.967 +0.0033 +0.0705
2.200 move -0.0320 +0.0000 -0.1193 +0.0016 -2.73 0.968 +0.0019 +0.0576
2.220 move -0.0320 +0.0000 -0.1180 -0.0005 -2.84 0.969 +0.0005 +0.0588
2.240 move -0.0320 +0.0000 -0.1161 -0.0026 -3.00 0.971 -0.0010 +0.0713
2.260 move -0.0320 +0.0000 -0.1136 -0.0049 -3.18 0.973 -0.0028 +0.0976
2.280 move -0.0320 +0.0000 -0.1105 -0.0071 -3.32 0.976 +0.0460 +0.1175
2.300 move -0.0320 +0.0000 -0.1110 -0.0087 -3.91 0.976 +0.0461 -0.0961
2.320 move -0.0320 +0.0000 -0.1169 -0.0090 -4.11 0.972 +0.0413 -0.2870
2.340 move -0.0320 +0.0000 -0.1249 -0.0089 -4.05 0.967 +0.0344 -0.3400
2.360 move -0.0320 +0.0000 -0.1315 -0.0088 -3.81 0.963 +0.0285 -0.2514
2.380 move -0.0320 +0.0000 -0.1359 -0.0087 -3.21 0.960 -0.0075 -0.2037
2.400 move -0.0320 +0.0000 -0.1397 -0.0085 -2.48 0.959 -0.0078 -0.1864
2.420 move -0.0320 +0.0000 -0.1417 -0.0078 -1.86 0.956 +0.0293 +0.0095
2.440 move -0.0320 +0.0000 -0.1418 -0.0060 -1.34 0.954 +0.0298 +0.0418
2.460 move -0.0320 +0.0000 -0.1417 -0.0035 -1.08 0.953 +0.0037 +0.0359
2.480 move -0.0320 +0.0000 -0.1415 -0.0010 -1.00 0.954 +0.0019 +0.0169
2.500 move -0.0320 +0.0000 -0.1409 +0.0015 -0.89 0.954 +0.0000 +0.0126
2.520 move -0.0320 +0.0000 -0.1399 +0.0040 -0.70 0.956 -0.0019 +0.0193
2.540 move -0.0320 +0.0000 -0.1385 +0.0064 -0.52 0.957 -0.0040 +0.0405
2.560 move -0.0320 +0.0000 -0.1366 +0.0087 -0.39 0.960 -0.0062 +0.0455
2.580 move -0.0320 +0.0000 -0.1371 +0.0107 +0.26 0.960 +0.0343 -0.0950
2.600 move -0.0320 +0.0000 -0.1433 +0.0117 +0.58 0.953 +0.0291 -0.2970
2.620 move -0.0320 +0.0000 -0.1509 +0.0123 +0.43 0.948 +0.0243 -0.3002
2.640 move -0.0320 +0.0000 -0.1560 +0.0128 +0.03 0.945 -0.0096 -0.1801
2.660 move -0.0320 +0.0000 -0.1593 +0.0130 -0.66 0.943 -0.0099 -0.1688
2.680 move -0.0320 +0.0000 -0.1625 +0.0128 -1.26 0.943 +0.0257 -0.1595
2.700 move -0.0320 +0.0000 -0.1631 +0.0117 -1.89 0.941 +0.0260 +0.0633
2.720 move -0.0320 +0.0000 -0.1624 +0.0095 -2.35 0.943 +0.0269 +0.0794
2.740 move -0.0320 +0.0000 -0.1614 +0.0068 -2.57 0.945 +0.0048 +0.0706
2.760 move -0.0320 +0.0000 -0.1603 +0.0040 -2.66 0.948 +0.0027 +0.0534
2.780 move -0.0320 +0.0000 -0.1588 +0.0011 -2.81 0.950 +0.0005 +0.0497
2.800 move -0.0320 +0.0000 -0.1570 -0.0018 -3.06 0.954 -0.0017 +0.0556
2.820 move -0.0320 +0.0000 -0.1551 -0.0045 -3.28 0.957 -0.0040 +0.0498
2.840 move -0.0320 +0.0000 -0.1529 -0.0072 -3.39 0.960 -0.0063 +0.0569
2.860 move -0.0320 +0.0000 -0.1532 -0.0093 -4.02 0.961 +0.0347 -0.0846
2.880 move -0.0320 +0.0000 -0.1588 -0.0099 -4.45 0.956 +0.0301 -0.2654
2.900 move -0.0320 +0.0000 -0.1654 -0.0101 -4.35 0.952 +0.0254 -0.2575
2.920 move -0.0320 +0.0000 -0.1695 -0.0104 -3.95 0.951 -0.0099 -0.1446
2.940 move -0.0320 +0.0000 -0.1722 -0.0105 -3.30 0.951 -0.0104 -0.1402
2.960 move -0.0320 +0.0000 -0.1744 -0.0102 -2.79 0.952 +0.0300 -0.0672
2.980 move -0.0320 +0.0000 -0.1749 -0.0092 -2.24 0.950 +0.0305 +0.0301
3.000 move -0.0320 +0.0000 -0.1748 -0.0071 -1.90 0.950 +0.0078 +0.0446
3.020 move -0.0320 +0.0000 -0.1744 -0.0047 -1.75 0.951 +0.0061 +0.0280
3.040 move -0.0320 +0.0000 -0.1738 -0.0022 -1.64 0.952 +0.0042 +0.0236
3.060 move -0.0320 +0.0000 -0.1728 +0.0005 -1.48 0.954 +0.0022 +0.0253
3.080 move -0.0320 +0.0000 -0.1713 +0.0032 -1.24 0.956 +0.0000 +0.0346
3.100 move -0.0320 +0.0000 -0.1702 +0.0057 -1.03 0.958 -0.0023 +0.0070
3.120 move -0.0320 +0.0000 -0.1690 +0.0081 -0.98 0.960 -0.0046 +0.0130
3.140 move -0.0320 +0.0000 -0.1700 +0.0103 -0.37 0.960 +0.0341 -0.1184
3.160 move -0.0320 +0.0000 -0.1758 +0.0116 +0.18 0.954 +0.0296 -0.2636
3.180 move -0.0320 +0.0000 -0.1819 +0.0125 +0.08 0.950 +0.0257 -0.2328
3.200 move -0.0320 +0.0000 -0.1855 +0.0132 -0.33 0.950 -0.0086 -0.1246
3.220 move -0.0320 +0.0000 -0.1877 +0.0136 -0.90 0.952 -0.0091 -0.1246
3.240 move -0.0320 +0.0000 -0.1891 +0.0134 -1.32 0.953 +0.0314 +0.0058
3.260 move -0.0320 +0.0000 -0.1886 +0.0121 -1.79 0.953 +0.0324 +0.0668
3.280 move -0.0320 +0.0000 -0.1878 +0.0100 -2.07 0.954 +0.0062 +0.0686
3.300 move -0.0320 +0.0000 -0.1868 +0.0075 -2.18 0.956 +0.0045 +0.0559
3.320 move -0.0320 +0.0000 -0.1854 +0.0049 -2.31 0.958 +0.0025 +0.0554
3.340 move -0.0320 +0.0000 -0.1836 +0.0021 -2.50 0.961 +0.0005 +0.0624
3.360 move -0.0320 +0.0000 -0.1813 -0.0006 -2.68 0.964 -0.0017 +0.0829
3.380 move -0.0320 +0.0000 -0.1784 -0.0034 -2.84 0.968 -0.0041 +0.0947
3.400 move -0.0320 +0.0000 -0.1780 -0.0056 -3.42 0.970 +0.0416 -0.0626
3.420 move -0.0320 +0.0000 -0.1834 -0.0064 -3.60 0.966 +0.0370 -0.2732
3.440 move -0.0320 +0.0000 -0.1910 -0.0067 -3.42 0.961 +0.0303 -0.3162
3.460 move -0.0320 +0.0000 -0.1969 -0.0069 -3.09 0.957 +0.0256 -0.2200
3.480 move -0.0320 +0.0000 -0.2003 -0.0072 -2.42 0.956 -0.0088 -0.1609
3.500 move -0.0320 +0.0000 -0.2033 -0.0073 -1.66 0.956 -0.0092 -0.1572
3.520 move -0.0320 +0.0000 -0.2045 -0.0068 -1.00 0.954 +0.0300 +0.0389
3.540 move -0.0320 +0.0000 -0.2039 -0.0051 -0.49 0.953 +0.0309 +0.0682
3.560 move -0.0320 +0.0000 -0.2032 -0.0027 -0.24 0.954 +0.0055 +0.0625
3.580 move -0.0320 +0.0000 -0.2023 -0.0001 -0.14 0.955 +0.0036 +0.0448
3.600 move -0.0320 +0.0000 -0.2010 +0.0025 -0.02 0.957 +0.0017 +0.0442
3.620 move -0.0320 +0.0000 -0.1993 +0.0052 +0.19 0.960 -0.0005 +0.0530
3.640 move -0.0320 +0.0000 -0.1970 +0.0079 +0.37 0.962 -0.0028 +0.0762
3.660 move -0.0320 +0.0000 -0.1942 +0.0104 +0.53 0.966 -0.0051 +0.0839
3.680 move -0.0320 +0.0000 -0.1946 +0.0125 +1.20 0.967 +0.0384 -0.0924
3.700 move -0.0320 +0.0000 -0.2008 +0.0134 +1.42 0.962 +0.0331 -0.2952
3.720 move -0.0320 +0.0000 -0.2083 +0.0139 +1.26 0.957 +0.0273 -0.3014
3.740 move -0.0320 +0.0000 -0.2134 +0.0143 +0.90 0.954 +0.0252 -0.1829
3.760 move -0.0320 +0.0000 -0.2163 +0.0145 +0.25 0.953 -0.0091 -0.1378
3.780 move -0.0320 +0.0000 -0.2188 +0.0144 -0.38 0.953 +0.0299 -0.1452
3.800 move -0.0320 +0.0000 -0.2190 +0.0136 -0.90 0.952 +0.0311 +0.0658
3.820 move -0.0320 +0.0000 -0.2179 +0.0115 -1.32 0.953 +0.0325 +0.0857
3.840 move -0.0320 +0.0000 -0.2167 +0.0088 -1.53 0.955 +0.0051 +0.0777
3.860 move -0.0320 +0.0000 -0.2152 +0.0059 -1.63 0.958 +0.0030 +0.0647
3.880 move -0.0320 +0.0000 -0.2134 +0.0030 -1.77 0.960 +0.0008 +0.0688
3.900 move -0.0320 +0.0000 -0.2111 +0.0000 -2.00 0.964 +0.0379 +0.0794
3.920 move -0.0320 +0.0000 -0.2090 -0.0028 -2.20 0.967 -0.0038 +0.0544
3.940 move -0.0320 +0.0000 -0.2070 -0.0055 -2.21 0.970 +0.0413 +0.0569
3.960 move -0.0320 +0.0000 -0.2086 -0.0075 -2.94 0.969 +0.0405 -0.1339
3.980 move -0.0320 +0.0000 -0.2152 -0.0082 -3.34 0.964 +0.0350 -0.3072
4.000 move -0.0320 +0.0000 -0.2226 -0.0085 -3.33 0.959 +0.0286 -0.2987
4.020 move -0.0320 +0.0000 -0.2276 -0.0088 -2.95 0.957 -0.0097 -0.1961
4.040 move -0.0320 +0.0000 -0.2313 -0.0088 -2.33 0.956 -0.0102 -0.1809
4.060 move -0.0320 +0.0000 -0.2344 -0.0085 -1.83 0.954 +0.0293 -0.0992
4.080 move -0.0320 +0.0000 -0.2358 -0.0074 -1.27 0.951 +0.0292 +0.0001
4.100 move -0.0320 +0.0000 -0.2366 -0.0053 -0.90 0.949 +0.0071 +0.0127
4.120 move -0.0320 +0.0000 -0.2373 -0.0029 -0.75 0.949 +0.0054 -0.0089
4.140 move -0.0320 +0.0000 -0.2376 -0.0004 -0.64 0.948 +0.0036 -0.0165
4.160 move -0.0320 +0.0000 -0.2377 +0.0022 -0.46 0.948 +0.0015 -0.0164
4.180 move -0.0320 +0.0000 -0.2374 +0.0050 -0.22 0.950 -0.0007 -0.0118
4.200 move -0.0320 +0.0000 -0.2366 +0.0076 -0.02 0.951 -0.0030 +0.0083
4.220 move -0.0320 +0.0000 -0.2354 +0.0102 +0.11 0.954 -0.0054 +0.0098
4.240 move -0.0320 +0.0000 -0.2360 +0.0126 +0.63 0.954 +0.0337 -0.0977
4.260 move -0.0320 +0.0000 -0.2414 +0.0139 +1.07 0.949 +0.0307 -0.2438
4.280 move -0.0320 +0.0000 -0.2469 +0.0148 +0.88 0.946 +0.0279 -0.2017
4.300 move -0.0320 +0.0000 -0.2498 +0.0155 +0.40 0.946 -0.0100 -0.0940
4.320 move -0.0320 +0.0000 -0.2512 +0.0159 -0.21 0.948 -0.0106 -0.0969
4.340 move -0.0320 +0.0000 -0.2520 +0.0158 -0.67 0.950 +0.0324 +0.0287
4.360 move -0.0320 +0.0000 -0.2509 +0.0145 -1.17 0.951 +0.0336 +0.0843
4.380 move -0.0320 +0.0000 -0.2496 +0.0124 -1.52 0.953 +0.0076 +0.0846
4.400 move -0.0320 +0.0000 -0.2481 +0.0098 -1.68 0.956 +0.0057 +0.0741
4.420 move -0.0320 +0.0000 -0.2462 +0.0071 -1.81 0.959 +0.0037 +0.0748
4.440 move -0.0320 +0.0000 -0.2438 +0.0042 -1.99 0.963 +0.0016 +0.0843
4.460 move -0.0320 +0.0000 -0.2418 +0.0014 -2.14 0.966 -0.0007 +0.0396
4.480 move -0.0320 +0.0000 -0.2399 -0.0013 -2.19 0.968 -0.0031 +0.0545
4.500 move -0.0320 +0.0000 -0.2397 -0.0036 -2.67 0.970 +0.0429 -0.0751
4.520 move -0.0320 +0.0000 -0.2455 -0.0045 -3.04 0.965 +0.0382 -0.2889
4.540 move -0.0320 +0.0000 -0.2537 -0.0048 -2.99 0.960 +0.0311 -0.3420
4.560 move -0.0320 +0.0000 -0.2602 -0.0051 -2.72 0.956 +0.0252 -0.2416
4.580 move -0.0320 +0.0000 -0.2643 -0.0054 -2.12 0.955 -0.0076 -0.1908
4.600 move -0.0320 +0.0000 -0.2679 -0.0054 -1.42 0.954 -0.0080 -0.1767
4.620 move -0.0320 +0.0000 -0.2697 -0.0050 -0.71 0.951 +0.0270 +0.0212
4.640 move -0.0320 +0.0000 -0.2698 -0.0034 -0.17 0.950 +0.0274 +0.0455
4.660 move -0.0320 +0.0000 -0.2697 -0.0011 +0.07 0.949 +0.0040 +0.0381
4.680 move -0.0320 +0.0000 -0.2695 +0.0012 +0.15 0.950 +0.0023 +0.0165
4.700 move -0.0320 +0.0000 -0.2689 +0.0035 +0.25 0.950 +0.0006 +0.0121
4.720 move -0.0320 +0.0000 -0.2680 +0.0059 +0.44 0.952 -0.0013 +0.0171
4.740 move -0.0320 +0.0000 -0.2667 +0.0083 +0.61 0.953 -0.0033 +0.0364
4.760 move -0.0320 +0.0000 -0.2649 +0.0106 +0.73 0.956 -0.0054 +0.0393
4.780 move -0.0320 +0.0000 -0.2650 +0.0126 +1.30 0.957 +0.0335 -0.0772
4.800 move -0.0320 +0.0000 -0.2709 +0.0135 +1.69 0.951 +0.0293 -0.2809
4.820 move -0.0320 +0.0000 -0.2781 +0.0140 +1.54 0.945 +0.0249 -0.2797
4.840 move -0.0320 +0.0000 -0.2827 +0.0143 +1.11 0.943 +0.0236 -0.1598
4.860 move -0.0320 +0.0000 -0.2852 +0.0145 +0.44 0.943 -0.0093 -0.1272
4.880 move -0.0320 +0.0000 -0.2874 +0.0144 -0.17 0.944 +0.0280 -0.1339
4.900 move -0.0320 +0.0000 -0.2875 +0.0136 -0.71 0.945 +0.0288 +0.0724
4.920 move -0.0320 +0.0000 -0.2862 +0.0116 -1.15 0.946 +0.0302 +0.0895
4.940 move -0.0320 +0.0000 -0.2849 +0.0089 -1.41 0.949 +0.0050 +0.0799
4.960 move -0.0320 +0.0000 -0.2833 +0.0060 -1.54 0.952 +0.0028 +0.0669
4.980 move -0.0320 +0.0000 -0.2814 +0.0031 -1.70 0.956 +0.0007 +0.0665
5.000 move -0.0320 +0.0000 -0.2791 +0.0002 -1.91 0.960 +0.0355 +0.0744
5.020 move -0.0320 +0.0000 -0.2774 -0.0024 -2.07 0.962 -0.0038 +0.0179
5.040 move -0.0320 +0.0000 -0.2762 -0.0050 -2.00 0.964 -0.0062 +0.0182
5.060 move -0.0320 +0.0000 -0.2774 -0.0070 -2.61 0.965 +0.0373 -0.1243
5.080 move -0.0320 +0.0000 -0.2837 -0.0076 -3.15 0.959 +0.0321 -0.2950
5.100 move -0.0320 +0.0000 -0.2908 -0.0079 -3.08 0.953 +0.0260 -0.2836
5.120 move -0.0320 +0.0000 -0.2955 -0.0082 -2.73 0.952 -0.0095 -0.1693
5.140 move -0.0320 +0.0000 -0.2987 -0.0082 -2.10 0.952 -0.0099 -0.1564
5.160 move -0.0320 +0.0000 -0.3014 -0.0079 -1.63 0.951 +0.0285 -0.0816
5.180 move -0.0320 +0.0000 -0.3024 -0.0067 -1.10 0.949 +0.0286 +0.0151
5.200 move -0.0320 +0.0000 -0.3028 -0.0046 -0.75 0.948 +0.0069 +0.0281
5.220 move -0.0320 +0.0000 -0.3030 -0.0022 -0.60 0.948 +0.0051 +0.0071
5.240 move -0.0320 +0.0000 -0.3030 +0.0004 -0.48 0.949 +0.0032 +0.0002
5.260 move -0.0320 +0.0000 -0.3026 +0.0030 -0.29 0.949 +0.0011 +0.0004
5.280 move -0.0320 +0.0000 -0.3019 +0.0058 -0.04 0.951 -0.0010 +0.0053
5.300 move -0.0320 +0.0000 -0.3007 +0.0084 +0.15 0.953 -0.0033 +0.0271
5.320 move -0.0320 +0.0000 -0.2991 +0.0109 +0.28 0.956 -0.0057 +0.0301
5.340 move -0.0320 +0.0000 -0.2997 +0.0132 +0.91 0.956 +0.0334 -0.1017
5.360 move -0.0320 +0.0000 -0.3053 +0.0144 +1.35 0.951 +0.0299 -0.2526
5.380 move -0.0320 +0.0000 -0.3110 +0.0152 +1.14 0.948 +0.0270 -0.2111
5.400 move -0.0320 +0.0000 -0.3141 +0.0159 +0.63 0.948 -0.0100 -0.1013
5.420 move -0.0320 +0.0000 -0.3160 +0.0162 -0.02 0.949 -0.0106 -0.1107
5.440 move -0.0320 +0.0000 -0.3170 +0.0161 -0.51 0.951 +0.0318 +0.0167
5.460 move -0.0320 +0.0000 -0.3163 +0.0148 -1.04 0.951 +0.0329 +0.0745
5.480 move -0.0320 +0.0000 -0.3153 +0.0126 -1.38 0.953 +0.0076 +0.0751
5.500 move -0.0320 +0.0000 -0.3140 +0.0100 -1.48 0.955 +0.0057 +0.0632
5.520 move -0.0320 +0.0000 -0.3124 +0.0073 -1.59 0.958 +0.0037 +0.0634
5.540 move -0.0320 +0.0000 -0.3103 +0.0045 -1.80 0.961 +0.0015 +0.0715
5.560 move -0.0320 +0.0000 -0.3077 +0.0015 -1.97 0.964 -0.0009 +0.0931
5.580 move -0.0320 +0.0000 -0.3045 -0.0014 -2.11 0.969 -0.0034 +0.1050
5.600 move -0.0320 +0.0000 -0.3038 -0.0039 -2.69 0.971 +0.0432 -0.0525
5.620 move -0.0320 +0.0000 -0.3089 -0.0048 -2.91 0.968 +0.0388 -0.2637
5.640 move -0.0320 +0.0000 -0.3164 -0.0053 -2.76 0.963 +0.0324 -0.3098
5.660 move -0.0320 +0.0000 -0.3221 -0.0057 -2.49 0.960 +0.0271 -0.2154
5.680 move -0.0320 +0.0000 -0.3254 -0.0061 -1.87 0.960 -0.0085 -0.1566
5.700 move -0.0320 +0.0000 -0.3282 -0.0063 -1.11 0.959 -0.0090 -0.1448
5.720 move -0.0320 +0.0000 -0.3291 -0.0059 -0.40 0.958 +0.0320 +0.0486
5.740 move -0.0320 +0.0000 -0.3283 -0.0044 +0.15 0.957 +0.0333 +0.0761
5.760 move -0.0320 +0.0000 -0.3274 -0.0021 +0.42 0.958 +0.0053 +0.0707
5.780 move -0.0320 +0.0000 -0.3262 +0.0003 +0.53 0.960 +0.0036 +0.0556
5.800 move -0.0320 +0.0000 -0.3247 +0.0028 +0.65 0.962 +0.0018 +0.0565
5.820 move -0.0320 +0.0000 -0.3226 +0.0054 +0.84 0.964 -0.0002 +0.0689
5.840 move -0.0320 +0.0000 -0.3200 +0.0080 +1.01 0.967 -0.0024 +0.0951
5.860 move -0.0320 +0.0000 -0.3169 +0.0106 +1.15 0.971 +0.0425 +0.1062
5.880 move -0.0320 +0.0000 -0.3175 +0.0126 +1.85 0.971 +0.0425 -0.0954
5.900 move -0.0320 +0.0000 -0.3236 +0.0135 +2.15 0.967 +0.0372 -0.2986
5.920 move -0.0320 +0.0000 -0.3314 +0.0139 +2.06 0.962 +0.0304 -0.3164
5.940 move -0.0320 +0.0000 -0.3368 +0.0142 +1.77 0.959 -0.0081 -0.1988
5.960 move -0.0320 +0.0000 -0.3404 +0.0142 +1.14 0.958 -0.0085 -0.1744
5.980 move -0.0320 +0.0000 -0.3437 +0.0139 +0.56 0.956 +0.0292 -0.1603
6.000 move -0.0320 +0.0000 -0.3442 +0.0129 -0.02 0.954 +0.0300 +0.0627
6.020 move -0.0320 +0.0000 -0.3433 +0.0109 -0.46 0.954 +0.0312 +0.0811
6.040 move -0.0320 +0.0000 -0.3422 +0.0083 -0.67 0.955 +0.0038 +0.0731
6.060 move -0.0320 +0.0000 -0.3409 +0.0056 -0.74 0.957 +0.0018 +0.0567
6.080 move -0.0320 +0.0000 -0.3393 +0.0030 -0.87 0.960 -0.0001 +0.0567
6.100 move -0.0320 +0.0000 -0.3372 +0.0003 -1.08 0.963 -0.0022 +0.0692
6.120 move -0.0320 +0.0000 -0.3353 -0.0022 -1.30 0.965 -0.0044 +0.0411
6.140 move -0.0320 +0.0000 -0.3334 -0.0044 -1.41 0.968 +0.0391 +0.0525
6.160 move -0.0320 +0.0000 -0.3350 -0.0063 -2.17 0.966 +0.0383 -0.1327
6.180 move -0.0320 +0.0000 -0.3415 -0.0071 -2.53 0.960 +0.0329 -0.3043
6.200 move -0.0320 +0.0000 -0.3489 -0.0075 -2.46 0.955 +0.0265 -0.2948
6.220 move -0.0320 +0.0000 -0.3539 -0.0079 -2.04 0.953 -0.0098 -0.1935
6.240 move -0.0320 +0.0000 -0.3576 -0.0080 -1.37 0.952 -0.0103 -0.1804
6.260 move -0.0320 +0.0000 -0.3607 -0.0078 -0.84 0.951 +0.0280 -0.0992
6.280 move -0.0320 +0.0000 -0.3622 -0.0067 -0.27 0.948 +0.0277 -0.0009
6.300 move -0.0320 +0.0000 -0.3631 -0.0046 +0.08 0.946 +0.0072 +0.0119
6.320 move -0.0320 +0.0000 -0.3638 -0.0022 +0.23 0.946 +0.0055 -0.0108
6.340 move -0.0320 +0.0000 -0.3643 +0.0004 +0.35 0.945 +0.0036 -0.0193
6.360 move -0.0320 +0.0000 -0.3645 +0.0031 +0.53 0.945 +0.0015 -0.0213
6.380 move -0.0320 +0.0000 -0.3643 +0.0059 +0.78 0.947 -0.0007 -0.0186
6.400 move -0.0320 +0.0000 -0.3637 +0.0086 +0.98 0.948 -0.0031 +0.0012
6.420 move -0.0320 +0.0000 -0.3628 +0.0112 +1.13 0.950 -0.0055 +0.0009
6.440 move -0.0320 +0.0000 -0.3635 +0.0136 +1.68 0.951 +0.0315 -0.1017
6.460 move -0.0320 +0.0000 -0.3689 +0.0150 +2.18 0.945 +0.0286 -0.2428
6.480 move -0.0320 +0.0000 -0.3744 +0.0160 +2.02 0.941 +0.0258 -0.2016
6.500 move -0.0320 +0.0000 -0.3775 +0.0168 +1.50 0.941 -0.0106 -0.1002
6.520 move -0.0320 +0.0000 -0.3793 +0.0173 +0.90 0.943 -0.0113 -0.1162
6.540 move -0.0320 +0.0000 -0.3805 +0.0173 +0.45 0.945 +0.0296 +0.0174
6.560 move -0.0320 +0.0000 -0.3798 +0.0161 -0.04 0.945 +0.0304 +0.0733
6.580 move -0.0320 +0.0000 -0.3789 +0.0139 -0.35 0.947 +0.0084 +0.0729
6.600 move -0.0320 +0.0000 -0.3778 +0.0114 -0.49 0.950 +0.0065 +0.0583
6.620 move -0.0320 +0.0000 -0.3763 +0.0087 -0.62 0.952 +0.0045 +0.0546
6.640 move -0.0320 +0.0000 -0.3744 +0.0058 -0.80 0.956 +0.0023 +0.0602
6.660 move -0.0320 +0.0000 -0.3720 +0.0028 -0.96 0.959 -0.0001 +0.0796
6.680 move -0.0320 +0.0000 -0.3690 -0.0002 -1.08 0.963 -0.0028 +0.0893
6.700 move -0.0320 +0.0000 -0.3678 -0.0028 -1.62 0.967 +0.0399 -0.0331
6.720 move -0.0320 +0.0000 -0.3727 -0.0041 -2.01 0.963 +0.0358 -0.2573
6.740 move -0.0320 +0.0000 -0.3802 -0.0049 -1.93 0.958 +0.0293 -0.3125
6.760 move -0.0320 +0.0000 -0.3859 -0.0054 -1.65 0.955 +0.0246 -0.2124
6.780 move -0.0320 +0.0000 -0.3893 -0.0060 -1.06 0.955 -0.0084 -0.1664
6.800 move -0.0320 +0.0000 -0.3923 -0.0063 -0.34 0.954 -0.0090 -0.1567
6.820 move -0.0320 +0.0000 -0.3935 -0.0060 +0.28 0.953 +0.0293 +0.0399
6.840 move -0.0320 +0.0000 -0.3930 -0.0044 +0.77 0.952 +0.0303 +0.0688
6.860 move -0.0320 +0.0000 -0.3923 -0.0021 +1.01 0.953 +0.0054 +0.0624
6.880 move -0.0320 +0.0000 -0.3914 +0.0005 +1.09 0.954 +0.0036 +0.0440
6.900 move -0.0320 +0.0000 -0.3902 +0.0030 +1.21 0.956 +0.0017 +0.0434
6.920 move -0.0320 +0.0000 -0.3886 +0.0057 +1.42 0.959 -0.0004 +0.0512
6.940 move -0.0320 +0.0000 -0.3865 +0.0084 +1.60 0.961 -0.0027 +0.0737
6.960 move -0.0320 +0.0000 -0.3838 +0.0110 +1.75 0.965 -0.0050 +0.0810
6.980 move -0.0320 +0.0000 -0.3843 +0.0130 +2.41 0.965 +0.0375 -0.0950
7.000 move -0.0320 +0.0000 -0.3905 +0.0138 +2.65 0.960 +0.0322 -0.2974
7.020 move -0.0320 +0.0000 -0.3980 +0.0141 +2.51 0.955 +0.0266 -0.3014
7.040 move -0.0320 +0.0000 -0.4031 +0.0143 +2.16 0.953 -0.0085 -0.1811
7.060 move -0.0320 +0.0000 -0.4063 +0.0144 +1.49 0.951 -0.0089 -0.1639
7.080 move -0.0320 +0.0000 -0.4094 +0.0141 +0.88 0.950 +0.0279 -0.1558
7.100 move -0.0320 +0.0000 -0.4098 +0.0131 +0.30 0.949 +0.0287 +0.0673
7.120 move -0.0320 +0.0000 -0.4087 +0.0110 -0.12 0.950 +0.0299 +0.0853
7.140 move -0.0320 +0.0000 -0.4075 +0.0084 -0.34 0.952 +0.0043 +0.0789
7.160 move -0.0320 +0.0000 -0.4060 +0.0057 -0.42 0.954 +0.0023 +0.0618
7.180 move -0.0320 +0.0000 -0.4042 +0.0029 -0.56 0.957 +0.0003 +0.0633
7.200 move -0.0320 +0.0000 -0.4020 +0.0002 -0.78 0.961 -0.0019 +0.0727
7.220 move -0.0320 +0.0000 -0.3998 -0.0023 -1.00 0.963 -0.0041 +0.0591
7.240 move -0.0320 +0.0000 -0.3973 -0.0047 -1.11 0.967 -0.0063 +0.0686
7.260 move -0.0320 +0.0000 -0.3981 -0.0065 -1.74 0.967 +0.0385 -0.1081
7.280 move -0.0320 +0.0000 -0.4042 -0.0072 -2.01 0.962 +0.0333 -0.2845
7.300 move -0.0320 +0.0000 -0.4110 -0.0075 -1.91 0.958 +0.0280 -0.2682
7.320 move -0.0320 +0.0000 -0.4153 -0.0078 -1.50 0.956 -0.0092 -0.1492
7.340 move -0.0320 +0.0000 -0.4181 -0.0078 -0.86 0.956 -0.0095 -0.1445
7.360 move -0.0320 +0.0000 -0.4204 -0.0074 -0.36 0.956 +0.0318 -0.0720
7.380 move -0.0320 +0.0000 -0.4210 -0.0063 +0.15 0.955 +0.0323 +0.0240
7.400 move -0.0320 +0.0000 -0.4211 -0.0042 +0.47 0.954 +0.0325 +0.0407
7.420 move -0.0320 +0.0000 -0.4208 -0.0016 +0.63 0.955 +0.0049 +0.0361
7.440 move -0.0320 +0.0000 -0.4203 +0.0012 +0.70 0.956 +0.0029 +0.0207
7.460 move -0.0320 +0.0000 -0.4194 +0.0039 +0.85 0.957 +0.0007 +0.0242
7.480 move -0.0320 +0.0000 -0.4181 +0.0068 +1.10 0.960 -0.0015 +0.0345
7.500 move -0.0320 +0.0000 -0.4163 +0.0095 +1.32 0.962 -0.0039 +0.0502
7.520 move -0.0320 +0.0000 -0.4141 +0.0121 +1.48 0.966 +0.0377 +0.0589
7.540 move -0.0320 +0.0000 -0.4157 +0.0142 +2.21 0.965 +0.0369 -0.1292
7.560 move -0.0320 +0.0000 -0.4218 +0.0152 +2.52 0.960 +0.0319 -0.2775
7.580 move -0.0320 +0.0000 -0.4280 +0.0158 +2.46 0.957 +0.0276 -0.2395
7.600 move -0.0320 +0.0000 -0.4316 +0.0164 +2.00 0.956 -0.0102 -0.1411
7.620 move -0.0320 +0.0000 -0.4341 +0.0167 +1.40 0.957 -0.0108 -0.1366
7.640 move -0.0320 +0.0000 -0.4357 +0.0166 +0.87 0.956 +0.0325 +0.0036
7.660 move -0.0320 +0.0000 -0.4354 +0.0153 +0.33 0.956 +0.0335 +0.0610
7.680 move -0.0320 +0.0000 -0.4348 +0.0131 +0.03 0.956 +0.0076 +0.0611
7.700 move -0.0320 +0.0000 -0.4339 +0.0106 -0.09 0.957 +0.0058 +0.0464
7.720 move -0.0320 +0.0000 -0.4327 +0.0080 -0.21 0.959 +0.0038 +0.0462
7.740 move -0.0320 +0.0000 -0.4310 +0.0051 -0.40 0.961 +0.0016 +0.0540
7.760 move -0.0320 +0.0000 -0.4288 +0.0023 -0.56 0.964 -0.0008 +0.0737
7.780 move -0.0320 +0.0000 -0.4261 -0.0005 -0.74 0.968 -0.0032 +0.0851
7.800 move -0.0320 +0.0000 -0.4258 -0.0029 -1.29 0.970 +0.0412 -0.0700
7.820 move -0.0320 +0.0000 -0.4313 -0.0041 -1.42 0.965 +0.0364 -0.2790
7.840 move -0.0320 +0.0000 -0.4391 -0.0048 -1.26 0.960 +0.0296 -0.3205
7.860 move -0.0320 +0.0000 -0.4450 -0.0054 -0.94 0.957 +0.0255 -0.2224
7.880 move -0.0320 +0.0000 -0.4485 -0.0059 -0.31 0.955 -0.0087 -0.1657
7.900 move -0.0320 +0.0000 -0.4515 -0.0061 +0.42 0.954 -0.0092 -0.1600
7.920 move -0.0320 +0.0000 -0.4528 -0.0058 +1.07 0.953 +0.0296 +0.0345
7.940 move -0.0320 +0.0000 -0.4524 -0.0041 +1.58 0.952 +0.0304 +0.0637
7.960 move -0.0320 +0.0000 -0.4519 -0.0017 +1.82 0.953 +0.0054 +0.0581
7.980 move -0.0320 +0.0000 -0.4511 +0.0009 +1.90 0.954 +0.0035 +0.0399
8.000 move -0.0320 +0.0000 -0.4501 +0.0035 +2.03 0.956 +0.0015 +0.0397
8.020 move -0.0320 +0.0000 -0.4486 +0.0063 +2.24 0.958 -0.0006 +0.0470
8.040 move -0.0320 +0.0000 -0.4466 +0.0090 +2.43 0.961 -0.0029 +0.0691
8.060 move -0.0320 +0.0000 -0.4440 +0.0117 +2.59 0.965 -0.0052 +0.0762
8.080 move -0.0320 +0.0000 -0.4446 +0.0137 +3.26 0.965 +0.0371 -0.0995
8.100 move -0.0320 +0.0000 -0.4509 +0.0143 +3.49 0.960 +0.0318 -0.3009
8.120 move -0.0320 +0.0000 -0.4585 +0.0146 +3.34 0.955 +0.0260 -0.3033
8.140 move -0.0320 +0.0000 -0.4637 +0.0148 +2.99 0.952 -0.0088 -0.1829
8.160 move -0.0320 +0.0000 -0.4669 +0.0148 +2.31 0.950 -0.0092 -0.1658
8.180 move -0.0320 +0.0000 -0.4701 +0.0145 +1.68 0.949 +0.0272 -0.1567
8.200 move -0.0320 +0.0000 -0.4705 +0.0135 +1.08 0.948 +0.0279 +0.0665
8.220 move -0.0320 +0.0000 -0.4695 +0.0114 +0.66 0.948 +0.0290 +0.0841
8.240 move -0.0320 +0.0000 -0.4683 +0.0088 +0.45 0.950 +0.0046 +0.0766
8.260 move -0.0320 +0.0000 -0.4669 +0.0060 +0.37 0.953 +0.0026 +0.0583
8.280 move -0.0320 +0.0000 -0.4651 +0.0033 +0.23 0.956 +0.0005 +0.0587
8.300 move -0.0320 +0.0000 -0.4629 +0.0006 +0.00 0.959 -0.0017 +0.0673
8.320 move -0.0320 +0.0000 -0.4602 -0.0020 -0.21 0.962 -0.0040 +0.0912
8.340 move -0.0320 +0.0000 -0.4570 -0.0045 -0.37 0.967 +0.0387 +0.1006
8.360 move -0.0320 +0.0000 -0.4575 -0.0066 -1.14 0.967 +0.0387 -0.0936
8.380 move -0.0320 +0.0000 -0.4633 -0.0077 -1.40 0.963 +0.0338 -0.2723
8.400 move -0.0320 +0.0000 -0.4699 -0.0084 -1.29 0.959 +0.0285 -0.2621
8.420 move -0.0320 +0.0000 -0.4740 -0.0089 -0.88 0.958 -0.0101 -0.1413
8.440 move -0.0320 +0.0000 -0.4766 -0.0092 -0.25 0.958 -0.0107 -0.1367
8.460 move -0.0320 +0.0000 -0.4788 -0.0090 +0.27 0.957 +0.0317 -0.0613
8.480 move -0.0320 +0.0000 -0.4793 -0.0079 +0.84 0.955 +0.0323 +0.0313
8.500 move -0.0320 +0.0000 -0.4794 -0.0058 +1.21 0.955 +0.0078 +0.0433
8.520 move -0.0320 +0.0000 -0.4792 -0.0033 +1.36 0.955 +0.0060 +0.0268
8.540 move -0.0320 +0.0000 -0.4786 -0.0006 +1.47 0.956 +0.0040 +0.0236
8.560 move -0.0320 +0.0000 -0.4778 +0.0022 +1.64 0.957 +0.0018 +0.0274
8.580 move -0.0320 +0.0000 -0.4764 +0.0052 +1.87 0.960 -0.0005 +0.0369
8.600 move -0.0320 +0.0000 -0.4748 +0.0080 +2.06 0.962 -0.0029 +0.0453
8.620 move -0.0320 +0.0000 -0.4729 +0.0107 +2.19 0.966 +0.0376 +0.0530
8.640 move -0.0320 +0.0000 -0.4745 +0.0129 +2.92 0.965 +0.0367 -0.1341
8.660 move -0.0320 +0.0000 -0.4808 +0.0140 +3.22 0.960 +0.0316 -0.2821
8.680 move -0.0320 +0.0000 -0.4871 +0.0147 +3.12 0.956 +0.0271 -0.2438
8.700 move -0.0320 +0.0000 -0.4909 +0.0153 +2.66 0.955 -0.0099 -0.1583
8.720 move -0.0320 +0.0000 -0.4938 +0.0157 +2.01 0.956 -0.0106 -0.1478
8.740 move -0.0320 +0.0000 -0.4954 +0.0156 +1.48 0.955 +0.0316 +0.0084
8.760 move -0.0320 +0.0000 -0.4951 +0.0144 +0.95 0.954 +0.0326 +0.0614
8.780 move -0.0320 +0.0000 -0.4944 +0.0123 +0.66 0.955 +0.0076 +0.0625
8.800 move -0.0320 +0.0000 -0.4935 +0.0098 +0.54 0.956 +0.0059 +0.0468
8.820 move -0.0320 +0.0000 -0.4922 +0.0073 +0.43 0.958 +0.0040 +0.0468
8.840 move -0.0320 +0.0000 -0.4905 +0.0046 +0.26 0.960 +0.0019 +0.0541
8.860 move -0.0320 +0.0000 -0.4883 +0.0018 +0.09 0.963 -0.0004 +0.0736
8.880 move -0.0320 +0.0000 -0.4855 -0.0009 -0.07 0.967 -0.0029 +0.0849
8.900 move -0.0320 +0.0000 -0.4851 -0.0033 -0.63 0.969 +0.0405 -0.0663
8.920 move -0.0320 +0.0000 -0.4906 -0.0046 -0.84 0.964 +0.0359 -0.2808
8.940 move -0.0320 +0.0000 -0.4985 -0.0054 -0.67 0.959 +0.0290 -0.3258
8.960 move -0.0320 +0.0000 -0.5045 -0.0060 -0.34 0.955 +0.0244 -0.2251
8.980 move -0.0320 +0.0000 -0.5082 -0.0066 +0.32 0.954 -0.0082 -0.1746
9.000 move -0.0320 +0.0000 -0.5115 -0.0069 +1.06 0.953 -0.0088 -0.1721
9.020 move -0.0320 +0.0000 -0.5131 -0.0066 +1.73 0.951 +0.0279 +0.0251
9.040 move -0.0320 +0.0000 -0.5130 -0.0049 +2.24 0.950 +0.0286 +0.0543
9.060 move -0.0320 +0.0000 -0.5128 -0.0025 +2.48 0.950 +0.0050 +0.0482
9.080 move -0.0320 +0.0000 -0.5124 +0.0001 +2.57 0.951 +0.0031 +0.0279
9.100 move -0.0320 +0.0000 -0.5116 +0.0028 +2.69 0.952 +0.0012 +0.0255
9.120 move -0.0320 +0.0000 -0.5106 +0.0055 +2.91 0.954 -0.0010 +0.0309
9.140 move -0.0320 +0.0000 -0.5090 +0.0082 +3.10 0.956 -0.0032 +0.0508
9.160 move -0.0320 +0.0000 -0.5069 +0.0109 +3.27 0.960 -0.0055 +0.0552
9.180 move -0.0320 +0.0000 -0.5074 +0.0130 +3.88 0.960 +0.0346 -0.0896
9.200 move -0.0320 +0.0000 -0.5135 +0.0136 +4.16 0.954 +0.0297 -0.2925
9.220 move -0.0320 +0.0000 -0.5210 +0.0138 +4.01 0.949 +0.0250 -0.2929
9.240 move -0.0320 +0.0000 -0.5259 +0.0140 +3.63 0.946 -0.0093 -0.1733
9.260 move -0.0320 +0.0000 -0.5290 +0.0141 +2.94 0.945 -0.0098 -0.1619
9.280 move -0.0320 +0.0000 -0.5321 +0.0138 +2.36 0.944 +0.0264 -0.1558
9.300 move -0.0320 +0.0000 -0.5324 +0.0128 +1.78 0.943 +0.0268 +0.0672
9.320 move -0.0320 +0.0000 -0.5314 +0.0107 +1.35 0.944 +0.0279 +0.0859
9.340 move -0.0320 +0.0000 -0.5301 +0.0081 +1.14 0.947 +0.0052 +0.0776
9.360 move -0.0320 +0.0000 -0.5286 +0.0053 +1.04 0.950 +0.0032 +0.0594
9.380 move -0.0320 +0.0000 -0.5268 +0.0026 +0.89 0.953 +0.0011 +0.0595
9.400 move -0.0320 +0.0000 -0.5246 -0.0001 +0.65 0.956 -0.0011 +0.0665
9.420 move -0.0320 +0.0000 -0.5220 -0.0027 +0.44 0.960 -0.0034 +0.0792
9.440 move -0.0320 +0.0000 -0.5190 -0.0053 +0.32 0.964 -0.0058 +0.0875
9.460 move -0.0320 +0.0000 -0.5191 -0.0074 -0.39 0.965 +0.0374 -0.0842
9.480 move -0.0320 +0.0000 -0.5246 -0.0084 -0.74 0.961 +0.0327 -0.2666
9.500 move -0.0320 +0.0000 -0.5311 -0.0091 -0.62 0.958 +0.0277 -0.2534
9.520 move -0.0320 +0.0000 -0.5349 -0.0096 -0.22 0.956 -0.0094 -0.1350
9.540 move -0.0320 +0.0000 -0.5371 -0.0098 +0.43 0.957 -0.0098 -0.1193
9.560 move -0.0320 +0.0000 -0.5388 -0.0096 +0.99 0.957 +0.0326 -0.0473
9.580 move -0.0320 +0.0000 -0.5389 -0.0086 +1.55 0.957 +0.0336 +0.0459
9.600 move -0.0320 +0.0000 -0.5385 -0.0066 +1.93 0.957 +0.0343 +0.0586
9.620 move -0.0320 +0.0000 -0.5378 -0.0040 +2.09 0.958 +0.0053 +0.0541
9.640 move -0.0320 +0.0000 -0.5369 -0.0012 +2.17 0.959 +0.0033 +0.0425
9.660 move -0.0320 +0.0000 -0.5355 +0.0016 +2.32 0.962 +0.0012 +0.0464
9.680 move -0.0320 +0.0000 -0.5337 +0.0045 +2.56 0.965 -0.0011 +0.0597
9.700 move -0.0320 +0.0000 -0.5320 +0.0071 +2.79 0.967 -0.0034 +0.0367
9.720 move -0.0320 +0.0000 -0.5303 +0.0097 +2.93 0.970 +0.0410 +0.0490
9.740 move -0.0320 +0.0000 -0.5327 +0.0114 +3.66 0.968 +0.0394 -0.1628
9.760 move -0.0320 +0.0000 -0.5393 +0.0121 +3.98 0.962 +0.0339 -0.2972
9.780 move -0.0320 +0.0000 -0.5461 +0.0125 +3.86 0.958 +0.0280 -0.2687
9.800 move -0.0320 +0.0000 -0.5506 +0.0129 +3.44 0.957 -0.0092 -0.1776
9.820 move -0.0320 +0.0000 -0.5539 +0.0131 +2.83 0.957 -0.0098 -0.1632
9.840 move -0.0320 +0.0000 -0.5559 +0.0128 +2.30 0.955 +0.0302 -0.0042
9.860 move -0.0320 +0.0000 -0.5560 +0.0114 +1.78 0.954 +0.0308 +0.0498
9.880 move -0.0320 +0.0000 -0.5556 +0.0092 +1.49 0.954 +0.0066 +0.0493
9.900 move -0.0320 +0.0000 -0.5551 +0.0068 +1.37 0.954 +0.0048 +0.0303
9.920 move -0.0320 +0.0000 -0.5543 +0.0043 +1.25 0.955 +0.0030 +0.0264
9.940 move -0.0320 +0.0000 -0.5530 +0.0017 +1.07 0.957 +0.0010 +0.0337
9.960 move -0.0320 +0.0000 -0.5513 -0.0009 +0.90 0.959 -0.0013 +0.0515
9.980 move -0.0320 +0.0000 -0.5491 -0.0035 +0.74 0.962 -0.0036 +0.0603
10.000 move -0.0320 +0.0000 -0.5486 -0.0059 +0.19 0.964 +0.0365 -0.0604
10.020 move -0.0320 +0.0000 -0.5541 -0.0072 -0.06 0.958 +0.0318 -0.2822
10.040 move -0.0320 +0.0000 -0.5621 -0.0082 +0.14 0.952 +0.0254 -0.3275
10.060 move -0.0320 +0.0000 -0.5681 -0.0089 +0.52 0.948 +0.0222 -0.2230
10.080 move -0.0320 +0.0000 -0.5719 -0.0095 +1.20 0.947 -0.0089 -0.1763
10.100 move -0.0320 +0.0000 -0.5753 -0.0098 +1.97 0.946 -0.0094 -0.1787
10.120 move -0.0320 +0.0000 -0.5771 -0.0095 +2.66 0.944 +0.0255 +0.0176
10.140 move -0.0320 +0.0000 -0.5772 -0.0078 +3.19 0.943 +0.0258 +0.0465
10.160 move -0.0320 +0.0000 -0.5772 -0.0053 +3.44 0.943 +0.0054 +0.0415
10.180 move -0.0320 +0.0000 -0.5770 -0.0027 +3.52 0.944 +0.0035 +0.0202
10.200 move -0.0320 +0.0000 -0.5766 +0.0000 +3.66 0.946 +0.0014 +0.0138
10.220 move -0.0320 +0.0000 -0.5759 +0.0029 +3.87 0.948 -0.0008 +0.0141
10.240 move -0.0320 +0.0000 -0.5747 +0.0056 +4.08 0.950 -0.0031 +0.0328
10.260 move -0.0320 +0.0000 -0.5731 +0.0084 +4.24 0.953 -0.0055 +0.0344
10.280 move -0.0320 +0.0000 -0.5728 +0.0108 +4.73 0.955 +0.0329 -0.0590
10.300 move -0.0320 +0.0000 -0.5783 +0.0116 +5.11 0.949 +0.0295 -0.2643
10.320 move -0.0320 +0.0000 -0.5853 +0.0119 +4.97 0.944 +0.0253 -0.2657
10.340 move -0.0320 +0.0000 -0.5897 +0.0121 +4.51 0.942 +0.0242 -0.1474
10.360 move -0.0320 +0.0000 -0.5916 +0.0124 +3.81 0.942 -0.0103 -0.1028
10.380 move -0.0320 +0.0000 -0.5934 +0.0123 +3.19 0.944 +0.0286 -0.1125
10.400 move -0.0320 +0.0000 -0.5930 +0.0116 +2.55 0.945 +0.0295 +0.0893
10.420 move -0.0320 +0.0000 -0.5913 +0.0098 +2.06 0.947 +0.0312 +0.1027
10.440 move -0.0320 +0.0000 -0.5895 +0.0072 +1.79 0.950 +0.0061 +0.0937
10.460 move -0.0320 +0.0000 -0.5874 +0.0045 +1.68 0.954 +0.0041 +0.0817
10.480 move -0.0320 +0.0000 -0.5850 +0.0018 +1.52 0.958 +0.0019 +0.0835
10.500 move -0.0320 +0.0000 -0.5821 -0.0010 +1.30 0.962 +0.0380 +0.0952
10.520 move -0.0320 +0.0000 -0.5798 -0.0035 +1.14 0.965 -0.0026 +0.0371
10.540 move -0.0320 +0.0000 -0.5779 -0.0060 +1.20 0.968 -0.0050 +0.0403
10.560 move -0.0320 +0.0000 -0.5786 -0.0082 +0.66 0.969 +0.0407 -0.1095
10.580 move -0.0320 +0.0000 -0.5846 -0.0092 +0.19 0.964 +0.0356 -0.2866
10.600 move -0.0320 +0.0000 -0.5915 -0.0099 +0.26 0.960 +0.0296 -0.2798
10.620 move -0.0320 +0.0000 -0.5960 -0.0103 +0.62 0.959 -0.0082 -0.1632
10.640 move -0.0320 +0.0000 -0.5987 -0.0104 +1.24 0.959 -0.0086 -0.1402
10.660 move -0.0320 +0.0000 -0.6008 -0.0101 +1.81 0.959 +0.0326 -0.0626
10.680 move -0.0320 +0.0000 -0.6013 -0.0090 +2.36 0.958 +0.0334 +0.0307
10.700 move -0.0320 +0.0000 -0.6012 -0.0070 +2.74 0.957 +0.0339 +0.0456
10.720 move -0.0320 +0.0000 -0.6009 -0.0045 +2.91 0.958 +0.0040 +0.0412
10.740 move -0.0320 +0.0000 -0.6003 -0.0018 +2.99 0.959 +0.0021 +0.0275
10.760 move -0.0320 +0.0000 -0.5994 +0.0009 +3.14 0.961 +0.0001 +0.0314
10.780 move -0.0320 +0.0000 -0.5979 +0.0036 +3.39 0.963 -0.0021 +0.0452
10.800 move -0.0320 +0.0000 -0.5968 +0.0061 +3.63 0.965 -0.0042 +0.0044
10.820 move -0.0320 +0.0000 -0.5958 +0.0083 +3.72 0.967 +0.0384 +0.0150
10.840 move -0.0320 +0.0000 -0.5983 +0.0100 +4.46 0.964 +0.0368 -0.1657
10.860 move -0.0320 +0.0000 -0.6052 +0.0105 +4.88 0.958 +0.0312 -0.3003
10.880 move -0.0320 +0.0000 -0.6121 +0.0108 +4.78 0.953 +0.0253 -0.2700
10.900 move -0.0320 +0.0000 -0.6167 +0.0110 +4.43 0.952 -0.0097 -0.1834
10.920 move -0.0320 +0.0000 -0.6202 +0.0111 +3.87 0.951 -0.0102 -0.1745
10.940 move -0.0320 +0.0000 -0.6225 +0.0108 +3.40 0.950 +0.0279 -0.0112
10.960 move -0.0320 +0.0000 -0.6227 +0.0093 +2.92 0.949 +0.0283 +0.0429
10.980 move -0.0320 +0.0000 -0.6226 +0.0071 +2.64 0.949 +0.0067 +0.0408
11.000 move -0.0320 +0.0000 -0.6223 +0.0046 +2.54 0.949 +0.0049 +0.0190
11.020 move -0.0320 +0.0000 -0.6217 +0.0021 +2.42 0.950 +0.0031 +0.0137
11.040 move -0.0320 +0.0000 -0.6207 -0.0005 +2.22 0.951 +0.0010 +0.0175
11.060 move -0.0320 +0.0000 -0.6193 -0.0031 +2.04 0.953 -0.0012 +0.0321
11.080 move -0.0320 +0.0000 -0.6175 -0.0056 +1.86 0.956 -0.0035 +0.0375
11.100 move -0.0320 +0.0000 -0.6166 -0.0081 +1.44 0.958 +0.0337 -0.0320
11.120 move -0.0320 +0.0000 -0.6215 -0.0098 +1.17 0.953 +0.0305 -0.2555
11.140 move -0.0320 +0.0000 -0.6289 -0.0109 +1.33 0.947 +0.0256 -0.3004
11.160 move -0.0320 +0.0000 -0.6343 -0.0118 +1.74 0.944 +0.0235 -0.1958
11.180 move -0.0320 +0.0000 -0.6370 -0.0124 +2.42 0.943 -0.0091 -0.1270
11.200 move -0.0320 +0.0000 -0.6394 -0.0128 +3.12 0.944 -0.0096 -0.1407
11.220 move -0.0320 +0.0000 -0.6402 -0.0125 +3.75 0.944 +0.0282 +0.0477
11.240 move -0.0320 +0.0000 -0.6395 -0.0108 +4.27 0.945 +0.0292 +0.0764
11.260 move -0.0320 +0.0000 -0.6387 -0.0083 +4.56 0.947 +0.0057 +0.0708
11.280 move -0.0320 +0.0000 -0.6376 -0.0055 +4.70 0.950 +0.0037 +0.0558
11.300 move -0.0320 +0.0000 -0.6363 -0.0027 +4.84 0.953 +0.0016 +0.0526
11.320 move -0.0320 +0.0000 -0.6345 +0.0003 +5.04 0.956 -0.0005 +0.0595
11.340 move -0.0320 +0.0000 -0.6331 +0.0030 +5.22 0.958 -0.0028 +0.0183
11.360 move -0.0320 +0.0000 -0.6318 +0.0056 +5.28 0.960 -0.0051 +0.0270
11.380 move -0.0320 +0.0000 -0.6323 +0.0078 +5.81 0.961 +0.0357 -0.0941
11.400 move -0.0320 +0.0000 -0.6384 +0.0082 +6.30 0.955 +0.0308 -0.2921
11.420 move -0.0320 +0.0000 -0.6461 +0.0081 +6.28 0.949 +0.0242 -0.3069
11.440 move -0.0320 +0.0000 -0.6515 +0.0081 +5.96 0.947 -0.0087 -0.1910
11.460 move -0.0320 +0.0000 -0.6550 +0.0080 +5.34 0.947 -0.0092 -0.1717
11.480 move -0.0320 +0.0000 -0.6582 +0.0076 +4.78 0.946 +0.0257 -0.1547
11.500 move -0.0320 +0.0000 -0.6586 +0.0066 +4.20 0.945 +0.0263 +0.0699
11.520 move -0.0320 +0.0000 -0.6575 +0.0046 +3.80 0.946 +0.0274 +0.0836
11.540 move -0.0320 +0.0000 -0.6563 +0.0022 +3.61 0.948 +0.0044 +0.0742
11.560 move -0.0320 +0.0000 -0.6548 -0.0004 +3.55 0.950 +0.0025 +0.0544
11.580 move -0.0320 +0.0000 -0.6530 -0.0029 +3.43 0.953 +0.0005 +0.0525
11.600 move -0.0320 +0.0000 -0.6508 -0.0054 +3.21 0.956 -0.0016 +0.0602
11.620 move -0.0320 +0.0000 -0.6482 -0.0077 +3.01 0.959 -0.0037 +0.0829
11.640 move -0.0320 +0.0000 -0.6450 -0.0099 +2.88 0.964 -0.0059 +0.0907
11.660 move -0.0320 +0.0000 -0.6450 -0.0119 +2.15 0.965 +0.0368 -0.0795
11.680 move -0.0320 +0.0000 -0.6504 -0.0132 +1.88 0.960 +0.0323 -0.2614
11.700 move -0.0320 +0.0000 -0.6566 -0.0141 +2.03 0.957 +0.0279 -0.2441
11.720 move -0.0320 +0.0000 -0.6603 -0.0148 +2.47 0.956 -0.0096 -0.1257
11.740 move -0.0320 +0.0000 -0.6622 -0.0150 +3.14 0.957 -0.0100 -0.1163
11.760 move -0.0320 +0.0000 -0.6638 -0.0149 +3.71 0.957 +0.0338 -0.0438
11.780 move -0.0320 +0.0000 -0.6638 -0.0138 +4.30 0.957 +0.0348 +0.0485
11.800 move -0.0320 +0.0000 -0.6633 -0.0117 +4.72 0.957 +0.0356 +0.0616
11.820 move -0.0320 +0.0000 -0.6626 -0.0091 +4.90 0.959 +0.0053 +0.0601
11.840 move -0.0320 +0.0000 -0.6616 -0.0062 +4.97 0.961 +0.0033 +0.0511
11.860 move -0.0320 +0.0000 -0.6601 -0.0032 +5.12 0.963 +0.0011 +0.0568
11.880 move -0.0320 +0.0000 -0.6582 -0.0001 +5.34 0.967 +0.0401 +0.0697
11.900 move -0.0320 +0.0000 -0.6565 +0.0027 +5.54 0.969 -0.0035 +0.0382
11.920 move -0.0320 +0.0000 -0.6550 +0.0054 +5.56 0.972 +0.0430 +0.0422
11.940 move -0.0320 +0.0000 -0.6572 +0.0072 +6.24 0.971 +0.0417 -0.1566
11.960 move -0.0320 +0.0000 -0.6638 +0.0075 +6.62 0.966 +0.0363 -0.2984
11.980 move -0.0320 +0.0000 -0.6706 +0.0074 +6.59 0.962 +0.0304 -0.2660
12.000 move -0.0320 +0.0000 -0.6748 +0.0074 +6.18 0.961 -0.0093 -0.1690
12.020 move -0.0320 +0.0000 -0.6779 +0.0073 +5.58 0.961 -0.0097 -0.1540
12.040 move -0.0320 +0.0000 -0.6795 +0.0069 +5.02 0.960 +0.0329 +0.0091
12.060 move -0.0320 +0.0000 -0.6791 +0.0056 +4.48 0.959 +0.0340 +0.0609
12.080 move -0.0320 +0.0000 -0.6784 +0.0035 +4.17 0.959 +0.0063 +0.0603
12.100 move -0.0320 +0.0000 -0.6774 +0.0013 +4.04 0.960 +0.0047 +0.0449
12.120 move -0.0320 +0.0000 -0.6760 -0.0010 +3.92 0.961 +0.0030 +0.0444
12.140 move -0.0320 +0.0000 -0.6742 -0.0034 +3.75 0.963 +0.0010 +0.0549
12.160 move -0.0320 +0.0000 -0.6718 -0.0058 +3.59 0.966 -0.0011 +0.0764
12.180 move -0.0320 +0.0000 -0.6689 -0.0081 +3.44 0.969 -0.0033 +0.0893
12.200 move -0.0320 +0.0000 -0.6684 -0.0103 +2.87 0.971 +0.0419 -0.0647
12.220 move -0.0320 +0.0000 -0.6737 -0.0118 +2.67 0.966 +0.0372 -0.2739
12.240 move -0.0320 +0.0000 -0.6814 -0.0129 +2.82 0.961 +0.0304 -0.3207
12.260 move -0.0320 +0.0000 -0.6873 -0.0138 +3.12 0.958 +0.0261 -0.2244
12.280 move -0.0320 +0.0000 -0.6908 -0.0144 +3.74 0.956 -0.0082 -0.1652
12.300 move -0.0320 +0.0000 -0.6938 -0.0148 +4.44 0.956 -0.0086 -0.1587
12.320 move -0.0320 +0.0000 -0.6951 -0.0145 +5.06 0.954 +0.0301 +0.0325
12.340 move -0.0320 +0.0000 -0.6949 -0.0127 +5.56 0.953 +0.0310 +0.0632
12.360 move -0.0320 +0.0000 -0.6945 -0.0103 +5.81 0.954 +0.0047 +0.0579
12.380 move -0.0320 +0.0000 -0.6939 -0.0076 +5.89 0.955 +0.0028 +0.0414
12.400 move -0.0320 +0.0000 -0.6929 -0.0048 +6.03 0.957 +0.0008 +0.0401
12.420 move -0.0320 +0.0000 -0.6916 -0.0019 +6.24 0.959 -0.0014 +0.0489
12.440 move -0.0320 +0.0000 -0.6898 +0.0010 +6.44 0.962 -0.0037 +0.0717
12.460 move -0.0320 +0.0000 -0.6873 +0.0039 +6.61 0.966 -0.0061 +0.0795
12.480 move -0.0320 +0.0000 -0.6882 +0.0058 +7.23 0.966 +0.0378 -0.1058
12.500 move -0.0320 +0.0000 -0.6946 +0.0058 +7.45 0.961 +0.0324 -0.3044
12.520 move -0.0320 +0.0000 -0.7023 +0.0053 +7.34 0.956 +0.0265 -0.3080
12.540 move -0.0320 +0.0000 -0.7076 +0.0051 +7.03 0.952 -0.0092 -0.1879
12.560 move -0.0320 +0.0000 -0.7110 +0.0048 +6.39 0.951 -0.0095 -0.1729
12.580 move -0.0320 +0.0000 -0.7142 +0.0042 +5.80 0.949 +0.0273 -0.1608
12.600 move -0.0320 +0.0000 -0.7147 +0.0032 +5.21 0.948 +0.0278 +0.0626
12.620 move -0.0320 +0.0000 -0.7137 +0.0012 +4.79 0.948 +0.0288 +0.0796
12.640 move -0.0320 +0.0000 -0.7125 -0.0013 +4.59 0.950 +0.0047 +0.0719
12.660 move -0.0320 +0.0000 -0.7110 -0.0039 +4.53 0.952 +0.0027 +0.0533
12.680 move -0.0320 +0.0000 -0.7092 -0.0064 +4.41 0.955 +0.0007 +0.0524
12.700 move -0.0320 +0.0000 -0.7070 -0.0089 +4.18 0.958 -0.0014 +0.0610
12.720 move -0.0320 +0.0000 -0.7042 -0.0112 +3.98 0.961 -0.0036 +0.0843
12.740 move -0.0320 +0.0000 -0.7010 -0.0134 +3.84 0.966 -0.0058 +0.0929
12.760 move -0.0320 +0.0000 -0.7010 -0.0154 +3.18 0.966 +0.0380 -0.0798
12.780 move -0.0320 +0.0000 -0.7064 -0.0168 +2.94 0.962 +0.0335 -0.2617
12.800 move -0.0320 +0.0000 -0.7126 -0.0178 +3.08 0.959 +0.0289 -0.2469
12.820 move -0.0320 +0.0000 -0.7163 -0.0185 +3.50 0.958 +0.0285 -0.1283
12.840 move -0.0320 +0.0000 -0.7179 -0.0187 +4.12 0.959 -0.0097 -0.0908
12.860 move -0.0320 +0.0000 -0.7191 -0.0187 +4.63 0.960 +0.0351 -0.0452
12.880 move -0.0320 +0.0000 -0.7190 -0.0178 +5.18 0.960 +0.0362 +0.0464
12.900 move -0.0320 +0.0000 -0.7187 -0.0159 +5.60 0.960 +0.0370 +0.0555
12.920 move -0.0320 +0.0000 -0.7181 -0.0132 +5.79 0.961 +0.0053 +0.0535
12.940 move -0.0320 +0.0000 -0.7173 -0.0103 +5.88 0.963 +0.0032 +0.0459
12.960 move -0.0320 +0.0000 -0.7160 -0.0073 +6.02 0.965 +0.0010 +0.0528
12.980 move -0.0320 +0.0000 -0.7142 -0.0041 +6.25 0.968 +0.0410 +0.0668
13.000 move -0.0320 +0.0000 -0.7127 -0.0013 +6.45 0.971 -0.0037 +0.0194
13.020 move -0.0320 +0.0000 -0.7118 +0.0015 +6.50 0.973 +0.0434 +0.0255
13.040 move -0.0320 +0.0000 -0.7149 +0.0030 +7.21 0.970 +0.0414 -0.1926
13.060 move -0.0320 +0.0000 -0.7221 +0.0031 +7.56 0.964 +0.0354 -0.3174
13.080 move -0.0320 +0.0000 -0.7293 +0.0030 +7.47 0.959 +0.0292 -0.2884
13.100 move -0.0320 +0.0000 -0.7344 +0.0029 +7.06 0.957 -0.0096 -0.2144
13.120 move -0.0320 +0.0000 -0.7384 +0.0028 +6.45 0.957 -0.0101 -0.1906
13.140 move -0.0320 +0.0000 -0.7410 +0.0023 +5.84 0.954 +0.0281 -0.0199
13.160 move -0.0320 +0.0000 -0.7416 +0.0008 +5.29 0.951 +0.0283 +0.0303
13.180 move -0.0320 +0.0000 -0.7418 -0.0013 +4.99 0.950 +0.0067 +0.0272
13.200 move -0.0320 +0.0000 -0.7418 -0.0037 +4.88 0.950 +0.0050 +0.0034
13.220 move -0.0320 +0.0000 -0.7415 -0.0060 +4.77 0.950 +0.0033 -0.0031
13.240 move -0.0320 +0.0000 -0.7409 -0.0085 +4.60 0.951 +0.0014 -0.0011
13.260 move -0.0320 +0.0000 -0.7399 -0.0109 +4.46 0.951 -0.0007 +0.0136
13.280 move -0.0320 +0.0000 -0.7385 -0.0133 +4.31 0.953 -0.0029 +0.0193
13.300 move -0.0320 +0.0000 -0.7378 -0.0157 +3.88 0.955 +0.0316 -0.0469
13.320 move -0.0320 +0.0000 -0.7428 -0.0177 +3.47 0.949 +0.0281 -0.2636
13.340 move -0.0320 +0.0000 -0.7503 -0.0194 +3.61 0.942 +0.0231 -0.3068
13.360 move -0.0320 +0.0000 -0.7558 -0.0206 +4.03 0.938 +0.0211 -0.2001
13.380 move -0.0320 +0.0000 -0.7588 -0.0214 +4.71 0.938 -0.0089 -0.1484
13.400 move -0.0320 +0.0000 -0.7616 -0.0221 +5.39 0.938 -0.0095 -0.1582
13.420 move -0.0320 +0.0000 -0.7629 -0.0219 +5.99 0.938 +0.0248 +0.0341
13.440 move -0.0320 +0.0000 -0.7628 -0.0202 +6.50 0.938 +0.0254 +0.0620
13.460 move -0.0320 +0.0000 -0.7625 -0.0177 +6.79 0.940 +0.0057 +0.0561
13.480 move -0.0320 +0.0000 -0.7620 -0.0150 +6.91 0.942 +0.0037 +0.0362
13.500 move -0.0320 +0.0000 -0.7613 -0.0121 +7.04 0.945 +0.0016 +0.0290
13.520 move -0.0320 +0.0000 -0.7603 -0.0091 +7.24 0.947 -0.0007 +0.0321
13.540 move -0.0320 +0.0000 -0.7588 -0.0060 +7.43 0.950 -0.0031 +0.0506
13.560 move -0.0320 +0.0000 -0.7569 -0.0029 +7.58 0.954 -0.0057 +0.0532
13.580 move -0.0320 +0.0000 -0.7564 -0.0003 +8.06 0.957 +0.0331 -0.0442
13.600 move -0.0320 +0.0000 -0.7617 +0.0001 +8.49 0.952 +0.0298 -0.2566
13.620 move -0.0320 +0.0000 -0.7685 -0.0001 +8.40 0.947 +0.0258 -0.2618
13.640 move -0.0320 +0.0000 -0.7728 -0.0001 +8.01 0.946 +0.0246 -0.1448
13.660 move -0.0320 +0.0000 -0.7744 +0.0001 +7.33 0.947 -0.0104 -0.0834
13.680 move -0.0320 +0.0000 -0.7757 -0.0000 +6.73 0.949 +0.0301 -0.0948
13.700 move -0.0320 +0.0000 -0.7748 -0.0006 +6.12 0.950 +0.0317 +0.1067
13.720 move -0.0320 +0.0000 -0.7726 -0.0023 +5.64 0.953 +0.0338 +0.1190
13.740 move -0.0320 +0.0000 -0.7702 -0.0046 +5.39 0.956 +0.0063 +0.1093
13.760 move -0.0320 +0.0000 -0.7675 -0.0071 +5.27 0.960 +0.0043 +0.1014
13.780 move -0.0320 +0.0000 -0.7644 -0.0096 +5.14 0.964 +0.0022 +0.1043
13.800 move -0.0320 +0.0000 -0.7609 -0.0120 +4.94 0.968 +0.0423 +0.1209
13.820 move -0.0320 +0.0000 -0.7579 -0.0144 +4.74 0.972 -0.0021 +0.0701
13.840 move -0.0320 +0.0000 -0.7553 -0.0166 +4.70 0.975 +0.0465 +0.0753
13.860 move -0.0320 +0.0000 -0.7567 -0.0188 +3.99 0.974 +0.0454 -0.1406
13.880 move -0.0320 +0.0000 -0.7631 -0.0204 +3.71 0.970 +0.0399 -0.3081
13.900 move -0.0320 +0.0000 -0.7705 -0.0217 +3.84 0.965 +0.0334 -0.3076
13.920 move -0.0320 +0.0000 -0.7756 -0.0225 +4.27 0.963 -0.0080 -0.2059
13.940 move -0.0320 +0.0000 -0.7794 -0.0230 +4.97 0.962 -0.0085 -0.1823
13.960 move -0.0320 +0.0000 -0.7825 -0.0230 +5.63 0.961 +0.0315 -0.0941
13.980 move -0.0320 +0.0000 -0.7839 -0.0220 +6.26 0.958 +0.0318 +0.0020
14.000 move -0.0320 +0.0000 -0.7849 -0.0200 +6.68 0.956 +0.0056 +0.0147
14.020 move -0.0320 +0.0000 -0.7857 -0.0176 +6.85 0.955 +0.0038 -0.0038
14.040 move -0.0320 +0.0000 -0.7862 -0.0152 +6.97 0.955 +0.0020 -0.0101
14.060 move -0.0320 +0.0000 -0.7864 -0.0125 +7.12 0.955 -0.0000 -0.0060
14.080 move -0.0320 +0.0000 -0.7862 -0.0097 +7.35 0.956 -0.0022 +0.0025
14.100 move -0.0320 +0.0000 -0.7860 -0.0072 +7.56 0.957 -0.0045 -0.0095
14.120 move -0.0320 +0.0000 -0.7856 -0.0047 +7.65 0.958 -0.0068 -0.0062
14.140 move -0.0320 +0.0000 -0.7876 -0.0030 +8.20 0.957 +0.0329 -0.1458
14.160 move -0.0320 +0.0000 -0.7942 -0.0030 +8.65 0.950 +0.0285 -0.2865
14.180 move -0.0320 +0.0000 -0.8007 -0.0033 +8.55 0.945 +0.0249 -0.2457
14.200 move -0.0320 +0.0000 -0.8047 -0.0033 +8.16 0.944 -0.0101 -0.1476
14.220 move -0.0320 +0.0000 -0.8076 -0.0034 +7.61 0.945 -0.0106 -0.1535
14.240 move -0.0320 +0.0000 -0.8094 -0.0038 +7.21 0.945 +0.0281 +0.0003
14.260 move -0.0320 +0.0000 -0.8091 -0.0051 +6.75 0.945 +0.0286 +0.0561
14.280 move -0.0320 +0.0000 -0.8083 -0.0073 +6.48 0.946 +0.0074 +0.0563
14.300 move -0.0320 +0.0000 -0.8073 -0.0097 +6.36 0.947 +0.0055 +0.0407
14.320 move -0.0320 +0.0000 -0.8061 -0.0121 +6.26 0.949 +0.0037 +0.0337
14.340 move -0.0320 +0.0000 -0.8044 -0.0145 +6.06 0.952 +0.0017 +0.0387
14.360 move -0.0320 +0.0000 -0.8023 -0.0169 +5.87 0.955 -0.0004 +0.0555
14.380 move -0.0320 +0.0000 -0.7997 -0.0192 +5.73 0.958 -0.0027 +0.0626
14.400 move -0.0320 +0.0000 -0.7979 -0.0216 +5.29 0.962 +0.0358 -0.0077
14.420 move -0.0320 +0.0000 -0.8021 -0.0237 +4.86 0.958 +0.0325 -0.2324
14.440 move -0.0320 +0.0000 -0.8091 -0.0253 +4.98 0.953 +0.0272 -0.2870
14.460 move -0.0320 +0.0000 -0.8140 -0.0265 +5.36 0.951 +0.0253 -0.1855
14.480 move -0.0320 +0.0000 -0.8161 -0.0273 +6.05 0.951 -0.0086 -0.0995
14.500 move -0.0320 +0.0000 -0.8178 -0.0277 +6.76 0.953 -0.0091 -0.1099
14.520 move -0.0320 +0.0000 -0.8182 -0.0275 +7.36 0.953 +0.0323 +0.0584
14.540 move -0.0320 +0.0000 -0.8171 -0.0257 +7.91 0.954 +0.0339 +0.0921
14.560 move -0.0320 +0.0000 -0.8160 -0.0232 +8.22 0.956 +0.0056 +0.0850
14.580 move -0.0320 +0.0000 -0.8146 -0.0203 +8.34 0.959 +0.0036 +0.0766
14.600 move -0.0320 +0.0000 -0.8130 -0.0173 +8.46 0.962 +0.0016 +0.0775
14.620 move -0.0320 +0.0000 -0.8108 -0.0141 +8.66 0.966 -0.0006 +0.0894
14.640 move -0.0320 +0.0000 -0.8090 -0.0112 +8.85 0.969 -0.0029 +0.0436
14.660 move -0.0320 +0.0000 -0.8074 -0.0084 +8.95 0.971 +0.0433 +0.0576
14.680 move -0.0320 +0.0000 -0.8093 -0.0067 +9.59 0.971 +0.0424 -0.1459
14.700 move -0.0320 +0.0000 -0.8164 -0.0068 +9.79 0.965 +0.0366 -0.3327
14.720 move -0.0320 +0.0000 -0.8249 -0.0074 +9.66 0.959 +0.0293 -0.3515
14.740 move -0.0320 +0.0000 -0.8313 -0.0079 +9.32 0.955 -0.0089 -0.2476
14.760 move -0.0320 +0.0000 -0.8363 -0.0083 +8.60 0.952 -0.0095 -0.2316
14.780 move -0.0320 +0.0000 -0.8407 -0.0090 +7.89 0.949 +0.0228 -0.1784
14.800 move -0.0320 +0.0000 -0.8419 -0.0102 +7.18 0.945 +0.0228 +0.0426
14.820 move -0.0320 +0.0000 -0.8417 -0.0123 +6.74 0.943 +0.0066 +0.0532
14.840 move -0.0320 +0.0000 -0.8414 -0.0147 +6.54 0.943 +0.0049 +0.0257
14.860 move -0.0320 +0.0000 -0.8409 -0.0170 +6.41 0.943 +0.0032 +0.0125
14.880 move -0.0320 +0.0000 -0.8402 -0.0194 +6.26 0.944 +0.0013 +0.0084
14.900 move -0.0320 +0.0000 -0.8391 -0.0218 +6.11 0.946 -0.0006 +0.0091
14.920 move -0.0320 +0.0000 -0.8377 -0.0239 +5.99 0.947 -0.0026 +0.0284
14.940 move -0.0320 +0.0000 -0.8358 -0.0260 +5.92 0.949 -0.0047 +0.0294
14.960 move -0.0320 +0.0000 -0.8353 -0.0282 +5.42 0.951 +0.0323 -0.0567
14.980 move -0.0320 +0.0000 -0.8401 -0.0302 +4.90 0.946 +0.0296 -0.2355
15.000 move -0.0320 +0.0000 -0.8458 -0.0316 +5.13 0.942 +0.0265 -0.2185
15.020 move -0.0320 +0.0000 -0.8490 -0.0325 +5.67 0.941 +0.0269 -0.1096
15.040 move -0.0320 +0.0000 -0.8500 -0.0330 +6.33 0.944 -0.0097 -0.0741
15.060 move -0.0320 +0.0000 -0.8508 -0.0331 +6.81 0.947 +0.0320 -0.0344
15.080 move -0.0320 +0.0000 -0.8505 -0.0323 +7.32 0.949 +0.0327 +0.0530
15.100 move -0.0320 +0.0000 -0.8500 -0.0304 +7.75 0.950 +0.0335 +0.0620
15.120 move -0.0320 +0.0000 -0.8494 -0.0277 +7.98 0.952 +0.0056 +0.0550
15.140 move -0.0320 +0.0000 -0.8486 -0.0248 +8.10 0.955 +0.0035 +0.0457
15.160 move -0.0320 +0.0000 -0.8474 -0.0216 +8.24 0.958 +0.0012 +0.0490
15.180 move -0.0320 +0.0000 -0.8459 -0.0185 +8.43 0.961 +0.0373 +0.0511
15.200 move -0.0320 +0.0000 -0.8450 -0.0160 +8.56 0.963 +0.0380 +0.0015
15.220 move -0.0320 +0.0000 -0.8452 -0.0135 +8.50 0.964 -0.0056 -0.0183
15.240 move -0.0320 +0.0000 -0.8471 -0.0116 +8.90 0.964 +0.0370 -0.1461
15.260 move -0.0320 +0.0000 -0.8534 -0.0117 +9.57 0.958 +0.0317 -0.2826
15.280 move -0.0320 +0.0000 -0.8598 -0.0122 +9.61 0.952 +0.0262 -0.2497
15.300 move -0.0320 +0.0000 -0.8638 -0.0124 +9.29 0.952 -0.0088 -0.1485
15.320 move -0.0320 +0.0000 -0.8664 -0.0128 +8.81 0.954 -0.0091 -0.1407
15.340 move -0.0320 +0.0000 -0.8677 -0.0133 +8.33 0.954 +0.0307 +0.0252
15.360 move -0.0320 +0.0000 -0.8669 -0.0145 +7.84 0.954 +0.0320 +0.0723
15.380 move -0.0320 +0.0000 -0.8658 -0.0165 +7.57 0.955 +0.0055 +0.0701
15.400 move -0.0320 +0.0000 -0.8644 -0.0186 +7.46 0.957 +0.0039 +0.0542
15.420 move -0.0320 +0.0000 -0.8627 -0.0207 +7.34 0.959 +0.0023 +0.0535
15.440 move -0.0320 +0.0000 -0.8606 -0.0227 +7.17 0.961 +0.0005 +0.0620
15.460 move -0.0320 +0.0000 -0.8579 -0.0247 +7.03 0.964 -0.0014 +0.0837
15.480 move -0.0320 +0.0000 -0.8546 -0.0265 +6.91 0.968 -0.0034 +0.0970
15.500 move -0.0320 +0.0000 -0.8537 -0.0285 +6.32 0.969 +0.0413 -0.0542
15.520 move -0.0320 +0.0000 -0.8587 -0.0303 +6.09 0.965 +0.0369 -0.2645
15.540 move -0.0320 +0.0000 -0.8661 -0.0319 +6.25 0.960 +0.0303 -0.3166
15.560 move -0.0320 +0.0000 -0.8719 -0.0331 +6.56 0.957 +0.0255 -0.2207
15.580 move -0.0320 +0.0000 -0.8755 -0.0339 +7.19 0.956 -0.0081 -0.1720
15.600 move -0.0320 +0.0000 -0.8786 -0.0345 +7.92 0.955 -0.0085 -0.1658
15.620 move -0.0320 +0.0000 -0.8801 -0.0342 +8.51 0.954 +0.0298 +0.0288
15.640 move -0.0320 +0.0000 -0.8800 -0.0324 +8.99 0.953 +0.0306 +0.0606
15.660 move -0.0320 +0.0000 -0.8798 -0.0299 +9.23 0.953 +0.0047 +0.0550
15.680 move -0.0320 +0.0000 -0.8795 -0.0271 +9.32 0.955 +0.0027 +0.0392
15.700 move -0.0320 +0.0000 -0.8788 -0.0242 +9.45 0.956 +0.0006 +0.0364
15.720 move -0.0320 +0.0000 -0.8778 -0.0211 +9.67 0.959 -0.0017 +0.0443
15.740 move -0.0320 +0.0000 -0.8762 -0.0180 +9.88 0.961 -0.0041 +0.0667
15.760 move -0.0320 +0.0000 -0.8741 -0.0148 +10.06 0.965 -0.0066 +0.0741
15.780 move -0.0320 +0.0000 -0.8752 -0.0130 +10.74 0.965 +0.0370 -0.1167
15.800 move -0.0320 +0.0000 -0.8819 -0.0134 +10.99 0.959 +0.0314 -0.3132
15.820 move -0.0320 +0.0000 -0.8897 -0.0143 +10.86 0.954 +0.0255 -0.3115
15.840 move -0.0320 +0.0000 -0.8951 -0.0148 +10.54 0.950 -0.0099 -0.1906
15.860 move -0.0320 +0.0000 -0.8986 -0.0152 +9.91 0.948 -0.0103 -0.1777
15.880 move -0.0320 +0.0000 -0.9019 -0.0159 +9.31 0.947 +0.0258 -0.1655
15.900 move -0.0320 +0.0000 -0.9024 -0.0170 +8.69 0.945 +0.0261 +0.0608
15.920 move -0.0320 +0.0000 -0.9015 -0.0189 +8.26 0.945 +0.0074 +0.0761
15.940 move -0.0320 +0.0000 -0.9003 -0.0212 +8.07 0.946 +0.0056 +0.0552
15.960 move -0.0320 +0.0000 -0.8989 -0.0235 +7.93 0.948 +0.0038 +0.0470
15.980 move -0.0320 +0.0000 -0.8972 -0.0258 +7.78 0.951 +0.0020 +0.0445
16.000 move -0.0320 +0.0000 -0.8951 -0.0281 +7.60 0.954 +0.0001 +0.0517
16.020 move -0.0320 +0.0000 -0.8926 -0.0301 +7.43 0.957 -0.0021 +0.0738
16.040 move -0.0320 +0.0000 -0.8895 -0.0321 +7.33 0.961 -0.0043 +0.0795
16.060 move -0.0320 +0.0000 -0.8890 -0.0343 +6.69 0.962 +0.0359 -0.0616
16.080 move -0.0320 +0.0000 -0.8939 -0.0362 +6.31 0.958 +0.0317 -0.2513
16.100 move -0.0320 +0.0000 -0.8999 -0.0378 +6.48 0.955 +0.0280 -0.2383
16.120 move -0.0320 +0.0000 -0.9033 -0.0388 +6.94 0.954 +0.0280 -0.1216
16.140 move -0.0320 +0.0000 -0.9047 -0.0392 +7.56 0.956 -0.0089 -0.0876
16.160 move -0.0320 +0.0000 -0.9057 -0.0393 +8.05 0.958 +0.0348 -0.0447
16.180 move -0.0320 +0.0000 -0.9056 -0.0386 +8.50 0.958 +0.0360 +0.0478
16.200 move -0.0320 +0.0000 -0.9052 -0.0367 +8.88 0.958 +0.0369 +0.0609
16.220 move -0.0320 +0.0000 -0.9047 -0.0340 +9.08 0.960 +0.0052 +0.0559
16.240 move -0.0320 +0.0000 -0.9039 -0.0311 +9.15 0.962 +0.0031 +0.0503
16.260 move -0.0320 +0.0000 -0.9027 -0.0280 +9.27 0.964 +0.0009 +0.0554
16.280 move -0.0320 +0.0000 -0.9010 -0.0248 +9.50 0.968 +0.0411 +0.0648
16.300 move -0.0320 +0.0000 -0.8999 -0.0220 +9.67 0.970 -0.0037 +0.0105
16.320 move -0.0320 +0.0000 -0.8993 -0.0193 +9.64 0.972 +0.0431 +0.0150
16.340 move -0.0320 +0.0000 -0.9023 -0.0179 +10.33 0.970 +0.0413 -0.1861
16.360 move -0.0320 +0.0000 -0.9094 -0.0183 +10.86 0.964 +0.0355 -0.3157
16.380 move -0.0320 +0.0000 -0.9166 -0.0189 +10.84 0.959 +0.0293 -0.2875
16.400 move -0.0320 +0.0000 -0.9215 -0.0193 +10.52 0.957 -0.0091 -0.2092
16.420 move -0.0320 +0.0000 -0.9255 -0.0197 +10.01 0.957 -0.0095 -0.1867
16.440 move -0.0320 +0.0000 -0.9280 -0.0204 +9.54 0.955 +0.0283 -0.0208
16.460 move -0.0320 +0.0000 -0.9283 -0.0219 +9.03 0.952 +0.0286 +0.0341
16.480 move -0.0320 +0.0000 -0.9283 -0.0241 +8.74 0.951 +0.0061 +0.0299
16.500 move -0.0320 +0.0000 -0.9281 -0.0264 +8.64 0.951 +0.0044 +0.0069
16.520 move -0.0320 +0.0000 -0.9276 -0.0286 +8.53 0.951 +0.0028 +0.0008
16.540 move -0.0320 +0.0000 -0.9268 -0.0309 +8.37 0.952 +0.0009 +0.0029
16.560 move -0.0320 +0.0000 -0.9256 -0.0331 +8.23 0.952 -0.0010 +0.0181
16.580 move -0.0320 +0.0000 -0.9239 -0.0351 +8.10 0.954 -0.0030 +0.0244
16.600 move -0.0320 +0.0000 -0.9231 -0.0373 +7.68 0.956 +0.0323 -0.0443
16.620 move -0.0320 +0.0000 -0.9279 -0.0397 +7.34 0.950 +0.0289 -0.2617
16.640 move -0.0320 +0.0000 -0.9353 -0.0418 +7.53 0.943 +0.0239 -0.3066
16.660 move -0.0320 +0.0000 -0.9406 -0.0433 +7.96 0.940 +0.0219 -0.2004
16.680 move -0.0320 +0.0000 -0.9436 -0.0443 +8.65 0.939 -0.0088 -0.1513
16.700 move -0.0320 +0.0000 -0.9464 -0.0451 +9.35 0.940 -0.0093 -0.1560
16.720 move -0.0320 +0.0000 -0.9477 -0.0449 +9.93 0.940 +0.0260 +0.0324
16.740 move -0.0320 +0.0000 -0.9476 -0.0431 +10.45 0.940 +0.0266 +0.0623
16.760 move -0.0320 +0.0000 -0.9474 -0.0405 +10.74 0.942 +0.0055 +0.0572
16.780 move -0.0320 +0.0000 -0.9471 -0.0377 +10.87 0.944 +0.0034 +0.0392
16.800 move -0.0320 +0.0000 -0.9465 -0.0346 +10.99 0.947 +0.0012 +0.0333
16.820 move -0.0320 +0.0000 -0.9456 -0.0314 +11.19 0.950 -0.0012 +0.0375
16.840 move -0.0320 +0.0000 -0.9448 -0.0284 +11.39 0.952 -0.0036 +0.0132
16.860 move -0.0320 +0.0000 -0.9440 -0.0254 +11.49 0.954 -0.0062 +0.0176
16.880 move -0.0320 +0.0000 -0.9441 -0.0229 +11.85 0.956 +0.0325 -0.0620
16.900 move -0.0320 +0.0000 -0.9496 -0.0229 +12.38 0.951 +0.0287 -0.2662
16.920 move -0.0320 +0.0000 -0.9567 -0.0237 +12.49 0.945 +0.0245 -0.2756
16.940 move -0.0320 +0.0000 -0.9614 -0.0240 +12.26 0.943 +0.0230 -0.1586
16.960 move -0.0320 +0.0000 -0.9636 -0.0240 +11.76 0.944 -0.0107 -0.1078
16.980 move -0.0320 +0.0000 -0.9654 -0.0243 +11.30 0.946 +0.0278 -0.1063
17.000 stand +0.0000 +0.0000 -0.9662 -0.0244 +10.81 0.946 +0.0282 +0.0227
17.020 stand +0.0000 +0.0000 -0.9663 -0.0249 +10.36 0.947 +0.0283 +0.0445
17.040 stand +0.0000 +0.0000 -0.9661 -0.0254 +10.08 0.948 +0.0097 +0.0413
17.060 stand +0.0000 +0.0000 -0.9656 -0.0259 +9.93 0.949 +0.0092 +0.0382
17.080 stand +0.0000 +0.0000 -0.9647 -0.0265 +9.83 0.950 +0.0086 +0.0417
17.100 stand +0.0000 +0.0000 -0.9634 -0.0271 +9.74 0.952 +0.0080 +0.0514
17.120 stand +0.0000 +0.0000 -0.9616 -0.0278 +9.64 0.953 +0.0071 +0.0659
17.140 stand +0.0000 +0.0000 -0.9593 -0.0286 +9.53 0.956 +0.0339 +0.0859
17.160 stand +0.0000 +0.0000 -0.9566 -0.0294 +9.45 0.959 +0.0362 +0.1068
17.180 stand +0.0000 +0.0000 -0.9534 -0.0300 +9.40 0.962 +0.0386 +0.1266
17.200 stand +0.0000 +0.0000 -0.9498 -0.0305 +9.36 0.966 +0.0413 +0.1471
17.220 stand +0.0000 +0.0000 -0.9457 -0.0308 +9.33 0.970 +0.0444 +0.1683
17.240 stand +0.0000 +0.0000 -0.9411 -0.0310 +9.32 0.975 +0.0479 +0.1908
17.260 stand +0.0000 +0.0000 -0.9359 -0.0311 +9.32 0.979 +0.0518 +0.2149
17.280 stand +0.0000 +0.0000 -0.9302 -0.0311 +9.33 0.984 +0.0562 +0.2412
17.300 stand +0.0000 +0.0000 -0.9238 -0.0309 +9.36 0.988 +0.0610 +0.2701
17.320 stand +0.0000 +0.0000 -0.9167 -0.0307 +9.40 0.992 +0.0665 +0.3021
17.340 stand +0.0000 +0.0000 -0.9088 -0.0303 +9.47 0.996 +0.0725 +0.3379
17.360 stand +0.0000 +0.0000 -0.9001 -0.0298 +9.57 0.998 +0.0792 +0.3809
17.380 stand +0.0000 +0.0000 -0.8910 -0.0292 +9.65 1.000 +0.0740 +0.3663
17.400 stand +0.0000 +0.0000 -0.8830 -0.0289 +9.60 0.999 +0.0674 +0.3198
17.420 stand +0.0000 +0.0000 -0.8759 -0.0288 +9.55 0.998 +0.0617 +0.2786
17.440 stand +0.0000 +0.0000 -0.8697 -0.0289 +9.46 0.995 +0.0564 +0.2448
17.460 stand +0.0000 +0.0000 -0.8642 -0.0293 +9.34 0.993 +0.0517 +0.2152
17.480 stand +0.0000 +0.0000 -0.8593 -0.0300 +9.20 0.990 +0.0475 +0.1887
17.500 stand +0.0000 +0.0000 -0.8550 -0.0309 +9.12 0.987 +0.0439 +0.1632
17.520 stand +0.0000 +0.0000 -0.8513 -0.0318 +9.14 0.985 +0.0407 +0.1392
17.540 stand +0.0000 +0.0000 -0.8481 -0.0328 +9.24 0.982 +0.0380 +0.1170
17.560 stand +0.0000 +0.0000 -0.8454 -0.0336 +9.37 0.980 +0.0358 +0.0966
17.580 stand +0.0000 +0.0000 -0.8432 -0.0344 +9.52 0.978 +0.0339 +0.0778
17.600 stand +0.0000 +0.0000 -0.8415 -0.0350 +9.67 0.977 +0.0324 +0.0601
17.620 stand +0.0000 +0.0000 -0.8402 -0.0355 +9.82 0.975 +0.0312 +0.0431
17.640 stand +0.0000 +0.0000 -0.8394 -0.0358 +9.96 0.975 +0.0304 +0.0266
17.660 stand +0.0000 +0.0000 -0.8390 -0.0359 +10.09 0.974 +0.0300 +0.0104
17.680 stand +0.0000 +0.0000 -0.8390 -0.0359 +10.21 0.974 +0.0299 -0.0057
17.700 stand +0.0000 +0.0000 -0.8394 -0.0358 +10.32 0.975 +0.0301 -0.0220
17.720 stand +0.0000 +0.0000 -0.8403 -0.0356 +10.41 0.976 +0.0306 -0.0385
17.740 stand +0.0000 +0.0000 -0.8416 -0.0353 +10.50 0.977 +0.0315 -0.0556
17.760 stand +0.0000 +0.0000 -0.8433 -0.0350 +10.58 0.979 +0.0327 -0.0736
17.780 stand +0.0000 +0.0000 -0.8455 -0.0347 +10.63 0.980 +0.0344 -0.0926
17.800 stand +0.0000 +0.0000 -0.8481 -0.0344 +10.65 0.983 +0.0364 -0.1129
17.820 stand +0.0000 +0.0000 -0.8513 -0.0343 +10.67 0.985 +0.0390 -0.1349
17.840 stand +0.0000 +0.0000 -0.8549 -0.0343 +10.70 0.987 +0.0419 -0.1589
17.860 stand +0.0000 +0.0000 -0.8592 -0.0345 +10.73 0.990 +0.0454 -0.1852
17.880 stand +0.0000 +0.0000 -0.8641 -0.0349 +10.76 0.993 +0.0494 -0.2144
17.900 stand +0.0000 +0.0000 -0.8697 -0.0355 +10.79 0.995 +0.0540 -0.2468
17.920 stand +0.0000 +0.0000 -0.8759 -0.0364 +10.82 0.997 +0.0592 -0.2658
17.940 stand +0.0000 +0.0000 -0.8817 -0.0372 +10.88 0.998 +0.0641 -0.2283
17.960 stand +0.0000 +0.0000 -0.8866 -0.0376 +11.01 0.999 +0.0682 -0.1882
17.980 stand +0.0000 +0.0000 -0.8904 -0.0376 +11.03 0.999 +0.0712 -0.1381
18.000 stand +0.0000 +0.0000 -0.8931 -0.0372 +11.05 0.998 +0.0732 -0.0886
18.020 stand +0.0000 +0.0000 -0.8946 -0.0365 +11.10 0.998 +0.0742 -0.0408
18.040 stand +0.0000 +0.0000 -0.8950 -0.0356 +11.15 0.998 +0.0743 +0.0039
18.060 stand +0.0000 +0.0000 -0.8945 -0.0346 +11.19 0.999 +0.0736 +0.0417
18.080 stand +0.0000 +0.0000 -0.8932 -0.0335 +11.23 0.999 +0.0722 +0.0685
18.100 stand +0.0000 +0.0000 -0.8914 -0.0325 +11.25 0.999 +0.0704 +0.0824
18.120 stand +0.0000 +0.0000 -0.8895 -0.0315 +11.26 1.000 +0.0686 +0.0850
18.140 stand +0.0000 +0.0000 -0.8877 -0.0306 +11.27 1.000 +0.0668 +0.0786
18.160 stand +0.0000 +0.0000 -0.8861 -0.0298 +11.27 1.000 +0.0653 +0.0669
18.180 stand +0.0000 +0.0000 -0.8848 -0.0292 +11.27 1.000 +0.0640 +0.0524
18.200 stand +0.0000 +0.0000 -0.8839 -0.0287 +11.26 1.000 +0.0632 +0.0356
18.220 stand +0.0000 +0.0000 -0.8834 -0.0284 +11.24 1.000 +0.0626 +0.0190
18.240 stand +0.0000 +0.0000 -0.8832 -0.0282 +11.22 1.000 +0.0624 +0.0036
18.260 stand +0.0000 +0.0000 -0.8834 -0.0281 +11.21 1.000 +0.0625 -0.0092
18.280 stand +0.0000 +0.0000 -0.8838 -0.0281 +11.21 1.000 +0.0627 -0.0186
18.300 stand +0.0000 +0.0000 -0.8843 -0.0282 +11.21 1.000 +0.0632 -0.0245
18.320 stand +0.0000 +0.0000 -0.8849 -0.0283 +11.21 1.000 +0.0636 -0.0269
18.340 stand +0.0000 +0.0000 -0.8855 -0.0285 +11.21 1.000 +0.0641 -0.0262
18.360 stand +0.0000 +0.0000 -0.8861 -0.0288 +11.20 1.000 +0.0646 -0.0231
18.380 stand +0.0000 +0.0000 -0.8865 -0.0291 +11.20 1.000 +0.0649 -0.0183
18.400 stand +0.0000 +0.0000 -0.8868 -0.0294 +11.19 1.000 +0.0652 -0.0127
18.420 stand +0.0000 +0.0000 -0.8870 -0.0297 +11.19 1.000 +0.0653 -0.0070
18.440 stand +0.0000 +0.0000 -0.8870 -0.0301 +11.19 1.000 +0.0653 -0.0018
18.460 stand +0.0000 +0.0000 -0.8869 -0.0305 +11.18 1.000 +0.0653 +0.0025
18.480 stand +0.0000 +0.0000 -0.8867 -0.0310 +11.18 1.000 +0.0651 +0.0057
18.500 stand +0.0000 +0.0000 -0.8864 -0.0316 +11.18 1.000 +0.0649 +0.0077
18.520 stand +0.0000 +0.0000 -0.8860 -0.0322 +11.18 1.000 +0.0647 +0.0086
18.540 stand +0.0000 +0.0000 -0.8857 -0.0330 +11.18 0.999 +0.0645 +0.0084
18.560 stand +0.0000 +0.0000 -0.8853 -0.0339 +11.19 0.999 +0.0643 +0.0076
18.580 stand +0.0000 +0.0000 -0.8850 -0.0349 +11.19 0.999 +0.0641 +0.0065
18.600 stand +0.0000 +0.0000 -0.8846 -0.0359 +11.20 0.999 +0.0639 +0.0056
18.620 stand +0.0000 +0.0000 -0.8843 -0.0370 +11.21 0.999 +0.0638 +0.0039
18.640 stand +0.0000 +0.0000 -0.8840 -0.0379 +11.21 0.998 +0.0637 +0.0023
18.660 stand +0.0000 +0.0000 -0.8839 -0.0386 +11.22 0.998 +0.0637 +0.0007
18.680 stand +0.0000 +0.0000 -0.8837 -0.0392 +11.23 0.998 +0.0636 -0.0006
18.700 stand +0.0000 +0.0000 -0.8837 -0.0395 +11.23 0.998 +0.0636 -0.0015
18.720 stand +0.0000 +0.0000 -0.8837 -0.0397 +11.23 0.998 +0.0637 -0.0021
18.740 stand +0.0000 +0.0000 -0.8838 -0.0396 +11.23 0.998 +0.0637 -0.0024
18.760 stand +0.0000 +0.0000 -0.8839 -0.0394 +11.23 0.998 +0.0637 -0.0023
18.780 stand +0.0000 +0.0000 -0.8840 -0.0392 +11.24 0.998 +0.0637 -0.0020
18.800 stand +0.0000 +0.0000 -0.8841 -0.0388 +11.24 0.998 +0.0637 -0.0014
18.820 stand +0.0000 +0.0000 -0.8842 -0.0384 +11.23 0.998 +0.0637 -0.0008
18.840 stand +0.0000 +0.0000 -0.8843 -0.0380 +11.23 0.998 +0.0637 -0.0001
18.860 stand +0.0000 +0.0000 -0.8844 -0.0376 +11.23 0.999 +0.0637 +0.0005
18.880 stand +0.0000 +0.0000 -0.8844 -0.0373 +11.23 0.999 +0.0637 +0.0010
18.900 stand +0.0000 +0.0000 -0.8845 -0.0371 +11.23 0.999 +0.0636 +0.0014
18.920 stand +0.0000 +0.0000 -0.8845 -0.0369 +11.23 0.999 +0.0636 +0.0016
18.940 stand +0.0000 +0.0000 -0.8844 -0.0368 +11.23 0.999 +0.0635 +0.0016
18.960 stand +0.0000 +0.0000 -0.8844 -0.0368 +11.23 0.999 +0.0635 +0.0015
18.980 stand +0.0000 +0.0000 -0.8844 -0.0368 +11.24 0.999 +0.0634 +0.0013
