Day-1 steer log
applied_vx is the clamped command, not odometry. Forward clamp is 0.056 m/s, lowered from 0.080 because 0.080 yaws off and tips near 1.2 m (support margin about −0.09 m). CPG amplitude is |applied_vx| / 0.080, so full forward stick is amplitude 0.70 and reverse -0.032 m/s stays amplitude 0.40 with stance damper 100 N/(m/s). Yaw cap is ±0.25 rad/s; hip-yaw clip 0.12 rad plus outside-step scale 0.20. Right-turn swing hip yaw keeps 0.60 of that clip so the foot does not land toed against the turn; stance hip yaw and the left turn are unchanged. Measured motion Δx=+0.459 m, mean body vx=+0.052 m/s (not the command). Straight-forward net yaw drift=+0.00 deg; yaw during that window +0.0 to +0.0 deg. Heading at the end of the clip is -79.59 deg from the start. Turn-window Δyaw=-83.43 deg (mean yaw rate -0.133 rad/s, cap ±0.25). tip=False; CoP in box=True (outside 0.0000 m); peak leg torque=2.10 Nm (limit 2.1). Stance-slip damper is 25 N/(m/s) while walking forward, down from the CSF50 crawl's 115. After stop it is 100 N/(m/s) for 1.20 s (pose blend 0.70 s), then off. A reverse stop finishes at most one step first if that phase would pitch. Foot box, friction, kp, and ±2.1 Nm are unchanged.
fault=False reason=-
t mode applied_vx applied_yaw_rate x y yaw_deg up_z margin body_vx
0.000 stand +0.0000 +0.0000 +0.0002 -0.0000 +0.00 1.000 +0.0641 +0.0146
0.020 stand +0.0000 +0.0000 +0.0006 +0.0000 +0.00 1.000 +0.0638 +0.0154
0.040 stand +0.0000 +0.0000 +0.0010 +0.0000 +0.00 1.000 +0.0635 +0.0147
0.060 stand +0.0000 +0.0000 +0.0013 +0.0000 +0.00 1.000 +0.0632 +0.0140
0.080 stand +0.0000 +0.0000 +0.0016 +0.0001 +0.00 1.000 +0.0629 +0.0124
0.100 stand +0.0000 +0.0000 +0.0019 +0.0001 +0.00 1.000 +0.0627 +0.0104
0.120 stand +0.0000 +0.0000 +0.0021 +0.0001 +0.00 1.000 +0.0625 +0.0080
0.140 stand +0.0000 +0.0000 +0.0023 +0.0002 -0.00 1.000 +0.0624 +0.0055
0.160 stand +0.0000 +0.0000 +0.0023 +0.0002 -0.00 1.000 +0.0623 +0.0030
0.180 stand +0.0000 +0.0000 +0.0024 +0.0003 -0.00 1.000 +0.0623 +0.0007
0.200 stand +0.0000 +0.0000 +0.0024 +0.0003 -0.00 1.000 +0.0623 -0.0011
0.220 stand +0.0000 +0.0000 +0.0023 +0.0004 -0.00 1.000 +0.0624 -0.0024
0.240 stand +0.0000 +0.0000 +0.0022 +0.0005 -0.00 1.000 +0.0624 -0.0032
0.260 stand +0.0000 +0.0000 +0.0022 +0.0005 -0.00 1.000 +0.0625 -0.0036
0.280 stand +0.0000 +0.0000 +0.0021 +0.0006 -0.00 1.000 +0.0626 -0.0035
0.300 stand +0.0000 +0.0000 +0.0020 +0.0007 -0.00 1.000 +0.0627 -0.0032
0.320 stand +0.0000 +0.0000 +0.0019 +0.0008 -0.00 1.000 +0.0627 -0.0026
0.340 stand +0.0000 +0.0000 +0.0019 +0.0009 -0.00 1.000 +0.0628 -0.0019
0.360 stand +0.0000 +0.0000 +0.0018 +0.0010 -0.00 1.000 +0.0628 -0.0012
0.380 stand +0.0000 +0.0000 +0.0018 +0.0012 -0.00 1.000 +0.0628 -0.0005
0.400 stand +0.0000 +0.0000 +0.0018 +0.0014 -0.00 1.000 +0.0628 +0.0001
0.420 stand +0.0000 +0.0000 +0.0018 +0.0015 -0.01 1.000 +0.0628 +0.0006
0.440 stand +0.0000 +0.0000 +0.0018 +0.0017 -0.01 1.000 +0.0628 +0.0009
0.460 stand +0.0000 +0.0000 +0.0019 +0.0020 -0.01 1.000 +0.0627 +0.0010
0.480 stand +0.0000 +0.0000 +0.0019 +0.0023 -0.01 1.000 +0.0627 +0.0011
0.500 stand +0.0000 +0.0000 +0.0019 +0.0026 -0.01 1.000 +0.0627 +0.0010
0.520 stand +0.0000 +0.0000 +0.0019 +0.0029 -0.01 1.000 +0.0627 +0.0009
0.540 stand +0.0000 +0.0000 +0.0020 +0.0033 -0.01 1.000 +0.0627 +0.0007
0.560 stand +0.0000 +0.0000 +0.0020 +0.0037 -0.01 1.000 +0.0627 +0.0004
0.580 stand +0.0000 +0.0000 +0.0020 +0.0042 -0.02 1.000 +0.0627 +0.0002
0.600 stand +0.0000 +0.0000 +0.0020 +0.0048 -0.02 1.000 +0.0627 +0.0000
0.620 stand +0.0000 +0.0000 +0.0020 +0.0054 -0.02 1.000 +0.0627 -0.0001
0.640 stand +0.0000 +0.0000 +0.0020 +0.0061 -0.02 1.000 +0.0627 -0.0002
0.660 stand +0.0000 +0.0000 +0.0020 +0.0069 -0.03 1.000 +0.0627 -0.0003
0.680 stand +0.0000 +0.0000 +0.0020 +0.0078 -0.03 0.999 +0.0627 -0.0003
0.700 stand +0.0000 +0.0000 +0.0020 +0.0088 -0.03 0.999 +0.0627 -0.0003
0.720 stand +0.0000 +0.0000 +0.0019 +0.0100 -0.04 0.999 +0.0627 -0.0003
0.740 stand +0.0000 +0.0000 +0.0019 +0.0112 -0.04 0.999 +0.0627 -0.0013
0.760 stand +0.0000 +0.0000 +0.0019 +0.0124 -0.05 0.999 +0.0627 -0.0015
0.780 stand +0.0000 +0.0000 +0.0019 +0.0135 -0.05 0.998 +0.0628 -0.0018
0.800 stand +0.0000 +0.0000 +0.0018 +0.0143 -0.06 0.998 +0.0628 -0.0020
0.820 stand +0.0000 +0.0000 +0.0018 +0.0150 -0.06 0.998 +0.0628 -0.0020
0.840 stand +0.0000 +0.0000 +0.0017 +0.0153 -0.06 0.998 +0.0629 -0.0018
0.860 stand +0.0000 +0.0000 +0.0017 +0.0155 -0.06 0.998 +0.0629 -0.0015
0.880 stand +0.0000 +0.0000 +0.0017 +0.0154 -0.06 0.998 +0.0629 -0.0011
0.900 stand +0.0000 +0.0000 +0.0016 +0.0152 -0.06 0.998 +0.0629 -0.0006
0.920 stand +0.0000 +0.0000 +0.0016 +0.0148 -0.06 0.998 +0.0630 -0.0002
0.940 stand +0.0000 +0.0000 +0.0016 +0.0144 -0.05 0.998 +0.0629 +0.0003
0.960 stand +0.0000 +0.0000 +0.0016 +0.0139 -0.05 0.998 +0.0629 +0.0007
0.980 stand +0.0000 +0.0000 +0.0017 +0.0134 -0.05 0.998 +0.0629 +0.0011
1.000 move +0.0016 -0.0080 +0.0017 +0.0130 -0.04 0.998 +0.0629 +0.0013
1.020 move +0.0032 -0.0160 +0.0017 +0.0127 +0.00 0.998 +0.0629 +0.0005
1.040 move +0.0048 -0.0240 +0.0017 +0.0123 +0.09 0.999 +0.0628 +0.0029
1.060 move +0.0064 -0.0320 +0.0018 +0.0119 +0.18 0.999 +0.0628 +0.0064
1.080 move +0.0080 -0.0400 +0.0020 +0.0114 +0.26 0.999 +0.0628 +0.0105
1.100 move +0.0096 -0.0480 +0.0022 +0.0107 +0.32 0.998 +0.0627 +0.0157
1.120 move +0.0112 -0.0560 +0.0026 +0.0098 +0.36 0.998 +0.0626 +0.0224
1.140 move +0.0128 -0.0640 +0.0032 +0.0087 +0.38 0.998 +0.0623 +0.0313
1.160 move +0.0144 -0.0720 +0.0041 +0.0076 +0.37 0.998 +0.0619 +0.0624
1.180 move +0.0160 -0.0800 +0.0054 +0.0064 +0.40 0.998 +0.0611 +0.0839
1.200 move +0.0176 -0.0880 +0.0074 +0.0051 +0.47 0.999 +0.0600 +0.1152
1.220 move +0.0192 -0.0960 +0.0099 +0.0039 +0.50 0.999 +0.0582 +0.1154
1.240 move +0.0208 -0.1040 +0.0126 +0.0026 +0.45 0.999 +0.0559 +0.1102
1.260 move +0.0224 -0.1120 +0.0152 +0.0014 +0.23 0.999 +0.0535 +0.0969
1.280 move +0.0240 -0.1200 +0.0176 +0.0004 -0.07 0.999 +0.0005 +0.0901
1.300 move +0.0256 -0.1280 +0.0200 -0.0004 -0.27 0.998 +0.0504 +0.0924
1.320 move +0.0272 -0.1360 +0.0215 -0.0010 -0.45 0.998 +0.0514 +0.0315
1.340 move +0.0288 -0.1440 +0.0221 -0.0013 -0.64 0.997 +0.0004 +0.0009
1.360 move +0.0304 -0.1520 +0.0221 -0.0011 -0.80 0.997 +0.0006 -0.0188
1.380 move +0.0320 -0.1600 +0.0213 -0.0007 -0.94 0.997 +0.0006 -0.0409
1.400 move +0.0336 -0.1680 +0.0199 -0.0001 -1.51 0.997 +0.0004 -0.0661
1.420 move +0.0352 -0.1760 +0.0178 +0.0007 -2.60 0.997 -0.0002 -0.0949
1.440 move +0.0368 -0.1840 +0.0155 +0.0018 -3.84 0.998 -0.0011 -0.0734
1.460 move +0.0384 -0.1920 +0.0139 +0.0031 -4.73 0.998 -0.0024 -0.0336
1.480 move +0.0400 -0.2000 +0.0136 +0.0045 -5.25 0.999 +0.0591 +0.0199
1.500 move +0.0416 -0.2080 +0.0153 +0.0059 -5.53 0.999 -0.0047 +0.0882
1.520 move +0.0432 -0.2160 +0.0180 +0.0072 -5.73 0.999 -0.0057 +0.1289
1.540 move +0.0448 -0.2240 +0.0214 +0.0085 -5.98 1.000 -0.0069 +0.1545
1.560 move +0.0464 -0.2320 +0.0253 +0.0098 -6.06 0.999 -0.0082 +0.1669
1.580 move +0.0480 -0.2400 +0.0296 +0.0106 -6.02 0.999 -0.0090 +0.2074
1.600 move +0.0496 -0.2480 +0.0325 +0.0108 -5.92 0.998 +0.0607 +0.0400
1.620 move +0.0512 -0.2500 +0.0334 +0.0100 -5.89 0.995 +0.0069 -0.0112
1.640 move +0.0528 -0.2500 +0.0338 +0.0086 -6.09 0.993 +0.0062 +0.0036
1.660 move +0.0544 -0.2500 +0.0339 +0.0069 -6.13 0.991 +0.0054 +0.0070
1.680 move +0.0560 -0.2500 +0.0335 +0.0049 -6.31 0.990 +0.0041 +0.0101
1.700 move +0.0560 -0.2500 +0.0326 +0.0025 -6.43 0.990 +0.0023 -0.0058
1.720 move +0.0560 -0.2500 +0.0314 -0.0003 -6.40 0.992 +0.0000 +0.0220
1.740 move +0.0560 -0.2500 +0.0309 -0.0039 -6.55 0.994 -0.0031 +0.0506
1.760 move +0.0560 -0.2500 +0.0313 -0.0079 -6.92 0.996 -0.0065 +0.0860
1.780 move +0.0560 -0.2500 +0.0329 -0.0119 -7.20 0.998 -0.0099 +0.1411
1.800 move +0.0560 -0.2500 +0.0357 -0.0159 -7.37 0.999 -0.0133 +0.1875
1.820 move +0.0560 -0.2500 +0.0397 -0.0199 -7.39 0.999 +0.0546 +0.2098
1.840 move +0.0560 -0.2500 +0.0430 -0.0237 -7.54 0.999 +0.0557 +0.0932
1.860 move +0.0560 -0.2500 +0.0444 -0.0257 -8.28 0.998 +0.0202 +0.0039
1.880 move +0.0560 -0.2500 +0.0449 -0.0263 -8.79 0.995 +0.0210 -0.0349
1.900 move +0.0560 -0.2500 +0.0450 -0.0259 -9.25 0.990 +0.0213 -0.0459
1.920 move +0.0560 -0.2500 +0.0448 -0.0249 -9.66 0.986 +0.0210 -0.0418
1.940 move +0.0560 -0.2500 +0.0441 -0.0232 -9.91 0.982 +0.0201 -0.0542
1.960 move +0.0560 -0.2500 +0.0428 -0.0208 -10.04 0.980 +0.0185 -0.0668
1.980 move +0.0560 -0.2500 +0.0417 -0.0175 -10.00 0.980 +0.0160 -0.0498
2.000 move +0.0560 -0.2500 +0.0411 -0.0133 -9.88 0.982 +0.0123 -0.0150
2.020 move +0.0560 -0.2500 +0.0408 -0.0084 -9.66 0.986 +0.0079 -0.0202
2.040 move +0.0560 -0.2500 +0.0411 -0.0027 -9.25 0.989 +0.0032 +0.0047
2.060 move +0.0560 -0.2500 +0.0422 +0.0035 -8.92 0.993 +0.0590 +0.0338
2.080 move +0.0560 -0.2500 +0.0444 +0.0094 -8.65 0.997 +0.0559 +0.0657
2.100 move +0.0560 -0.2500 +0.0470 +0.0151 -8.05 0.999 +0.0558 +0.0729
2.120 move +0.0560 -0.2500 +0.0493 +0.0205 -7.31 1.000 -0.0151 +0.0926
2.140 move +0.0560 -0.2500 +0.0505 +0.0247 -6.71 0.999 +0.0653 -0.0498
2.160 move +0.0560 -0.2500 +0.0497 +0.0272 -6.40 0.996 +0.0193 -0.1072
2.180 move +0.0560 -0.2500 +0.0481 +0.0287 -6.22 0.990 +0.0213 -0.1161
2.200 move +0.0560 -0.2500 +0.0461 +0.0297 -6.04 0.985 +0.0229 -0.1013
2.220 move +0.0560 -0.2500 +0.0438 +0.0304 -6.16 0.979 +0.0236 -0.1003
2.240 move +0.0560 -0.2500 +0.0411 +0.0304 -6.37 0.975 +0.0238 -0.0778
2.260 move +0.0560 -0.2500 +0.0392 +0.0295 -6.50 0.972 +0.0230 -0.0263
2.280 move +0.0560 -0.2500 +0.0380 +0.0279 -6.69 0.971 +0.0214 +0.0126
2.300 move +0.0560 -0.2500 +0.0376 +0.0255 -7.36 0.970 +0.0194 +0.0435
2.320 move +0.0560 -0.2500 +0.0380 +0.0224 -8.31 0.972 +0.0173 +0.0801
2.340 move +0.0560 -0.2500 +0.0393 +0.0187 -9.20 0.974 +0.0147 +0.1180
2.360 move +0.0560 -0.2500 +0.0415 +0.0142 -10.06 0.979 +0.0117 +0.1419
2.380 move +0.0560 -0.2500 +0.0443 +0.0090 -11.22 0.985 +0.0750 +0.1541
2.400 move +0.0560 -0.2500 +0.0474 +0.0036 -12.94 0.992 +0.0754 +0.1434
2.420 move +0.0560 -0.2500 +0.0509 -0.0008 -14.35 0.997 +0.0734 +0.1619
2.440 move +0.0560 -0.2500 +0.0542 -0.0043 -14.92 0.999 +0.0714 +0.1481
2.460 move +0.0560 -0.2500 +0.0572 -0.0067 -15.04 1.000 +0.0695 +0.1234
2.480 move +0.0560 -0.2500 +0.0597 -0.0077 -15.00 0.998 +0.0014 +0.0962
2.500 move +0.0560 -0.2500 +0.0618 -0.0081 -14.90 0.996 +0.0019 +0.0927
2.520 move +0.0560 -0.2500 +0.0639 -0.0078 -14.82 0.994 +0.0018 +0.0946
2.540 move +0.0560 -0.2500 +0.0663 -0.0069 -14.62 0.993 +0.0009 +0.1222
2.560 move +0.0560 -0.2500 +0.0689 -0.0054 -14.41 0.993 -0.0008 +0.1094
2.580 move +0.0560 -0.2500 +0.0719 -0.0035 -14.24 0.994 -0.0029 +0.1422
2.600 move +0.0560 -0.2500 +0.0758 -0.0016 -14.23 0.996 +0.0558 +0.1685
2.620 move +0.0560 -0.2500 +0.0802 -0.0001 -14.38 0.998 +0.0520 +0.1716
2.640 move +0.0560 -0.2500 +0.0845 +0.0015 -14.48 0.999 -0.0085 +0.1670
2.660 move +0.0560 -0.2500 +0.0889 +0.0031 -14.18 0.999 -0.0106 +0.1800
2.680 move +0.0560 -0.2500 +0.0933 +0.0044 -13.88 0.998 +0.0518 +0.1350
2.700 move +0.0560 -0.2500 +0.0950 +0.0049 -13.66 0.996 +0.0075 -0.0490
2.720 move +0.0560 -0.2500 +0.0950 +0.0047 -13.80 0.992 +0.0083 -0.0649
2.740 move +0.0560 -0.2500 +0.0949 +0.0041 -14.44 0.988 +0.0083 -0.0243
2.760 move +0.0560 -0.2500 +0.0946 +0.0033 -14.83 0.985 +0.0078 -0.0017
2.780 move +0.0560 -0.2500 +0.0940 +0.0022 -14.99 0.984 +0.0071 +0.0027
2.800 move +0.0560 -0.2500 +0.0927 +0.0008 -15.08 0.984 +0.0060 -0.0095
2.820 move +0.0560 -0.2500 +0.0909 -0.0009 -14.98 0.986 +0.0043 -0.0103
2.840 move +0.0560 -0.2500 +0.0894 -0.0038 -15.10 0.990 +0.0017 +0.0280
2.860 move +0.0560 -0.2500 +0.0887 -0.0075 -15.38 0.993 -0.0017 +0.0749
2.880 move +0.0560 -0.2500 +0.0892 -0.0117 -15.58 0.996 -0.0052 +0.1288
2.900 move +0.0560 -0.2500 +0.0909 -0.0160 -15.63 0.998 -0.0087 +0.1685
2.920 move +0.0560 -0.2500 +0.0937 -0.0203 -15.58 1.000 +0.0528 +0.1995
2.940 move +0.0560 -0.2500 +0.0959 -0.0246 -15.76 1.000 +0.0550 +0.0810
2.960 move +0.0560 -0.2500 +0.0966 -0.0271 -16.64 0.999 +0.0160 -0.0113
2.980 move +0.0560 -0.2500 +0.0966 -0.0281 -17.18 0.996 +0.0172 -0.0519
3.000 move +0.0560 -0.2500 +0.0963 -0.0281 -17.49 0.992 +0.0179 -0.0513
3.020 move +0.0560 -0.2500 +0.0957 -0.0274 -17.79 0.988 +0.0179 -0.0555
3.040 move +0.0560 -0.2500 +0.0947 -0.0259 -17.83 0.985 +0.0171 -0.0695
3.060 move +0.0560 -0.2500 +0.0933 -0.0235 -17.81 0.983 +0.0156 -0.0809
3.080 move +0.0560 -0.2500 +0.0923 -0.0202 -17.73 0.983 +0.0131 -0.0656
3.100 move +0.0560 -0.2500 +0.0918 -0.0160 -17.58 0.985 +0.0096 -0.0317
3.120 move +0.0560 -0.2500 +0.0918 -0.0111 -17.32 0.988 +0.0053 -0.0371
3.140 move +0.0560 -0.2500 +0.0924 -0.0055 -16.87 0.991 +0.0006 -0.0130
3.160 move +0.0560 -0.2500 +0.0940 +0.0003 -16.51 0.995 +0.0607 +0.0294
3.180 move +0.0560 -0.2500 +0.0968 +0.0054 -16.21 0.998 +0.0580 +0.0612
3.200 move +0.0560 -0.2500 +0.0999 +0.0104 -15.63 0.999 +0.0571 +0.0703
3.220 move +0.0560 -0.2500 +0.1031 +0.0152 -14.91 1.000 -0.0171 +0.1077
3.240 move +0.0560 -0.2500 +0.1053 +0.0191 -14.39 0.999 +0.0685 -0.0256
3.260 move +0.0560 -0.2500 +0.1054 +0.0215 -13.93 0.995 +0.0207 -0.0786
3.280 move +0.0560 -0.2500 +0.1046 +0.0230 -13.88 0.990 +0.0223 -0.0881
3.300 move +0.0560 -0.2500 +0.1033 +0.0241 -13.81 0.984 +0.0236 -0.0740
3.320 move +0.0560 -0.2500 +0.1015 +0.0248 -13.85 0.979 +0.0244 -0.0772
3.340 move +0.0560 -0.2500 +0.0997 +0.0248 -13.98 0.974 +0.0244 -0.0412
3.360 move +0.0560 -0.2500 +0.0984 +0.0239 -14.06 0.971 +0.0234 +0.0083
3.380 move +0.0560 -0.2500 +0.0977 +0.0222 -14.30 0.970 +0.0218 +0.0444
3.400 move +0.0560 -0.2500 +0.0977 +0.0197 -15.08 0.970 +0.0198 +0.0768
3.420 move +0.0560 -0.2500 +0.0985 +0.0164 -15.98 0.972 +0.0176 +0.1179
3.440 move +0.0560 -0.2500 +0.1001 +0.0123 -16.77 0.975 +0.0149 +0.1501
3.460 move +0.0560 -0.2500 +0.1025 +0.0074 -17.69 0.980 +0.0120 +0.1798
3.480 move +0.0560 -0.2500 +0.1055 +0.0017 -18.77 0.987 +0.0717 +0.2033
3.500 move +0.0560 -0.2500 +0.1089 -0.0042 -20.38 0.993 +0.0719 +0.1868
3.520 move +0.0560 -0.2500 +0.1122 -0.0092 -21.70 0.998 +0.0696 +0.1718
3.540 move +0.0560 -0.2500 +0.1151 -0.0129 -22.24 1.000 +0.0675 +0.1418
3.560 move +0.0560 -0.2500 +0.1175 -0.0152 -22.35 1.000 -0.0001 +0.0996
3.580 move +0.0560 -0.2500 +0.1194 -0.0169 -22.25 0.998 +0.0013 +0.0874
3.600 move +0.0560 -0.2500 +0.1208 -0.0180 -22.20 0.996 +0.0023 +0.0741
3.620 move +0.0560 -0.2500 +0.1223 -0.0183 -22.08 0.994 +0.0027 +0.0725
3.640 move +0.0560 -0.2500 +0.1241 -0.0180 -21.90 0.992 +0.0021 +0.1003
3.660 move +0.0560 -0.2500 +0.1261 -0.0170 -21.72 0.992 +0.0005 +0.0857
3.680 move +0.0560 -0.2500 +0.1288 -0.0154 -21.55 0.993 -0.0015 +0.1169
3.700 move +0.0560 -0.2500 +0.1322 -0.0138 -21.50 0.995 +0.0558 +0.1460
3.720 move +0.0560 -0.2500 +0.1363 -0.0124 -21.65 0.997 +0.0523 +0.1482
3.740 move +0.0560 -0.2500 +0.1402 -0.0112 -21.74 0.999 -0.0074 +0.1281
3.760 move +0.0560 -0.2500 +0.1439 -0.0098 -21.35 0.999 -0.0096 +0.1393
3.780 move +0.0560 -0.2500 +0.1477 -0.0088 -20.97 0.999 +0.0569 +0.1222
3.800 move +0.0560 -0.2500 +0.1490 -0.0082 -20.60 0.998 +0.0075 -0.0634
3.820 move +0.0560 -0.2500 +0.1486 -0.0080 -20.61 0.994 +0.0086 -0.0772
3.840 move +0.0560 -0.2500 +0.1479 -0.0082 -21.14 0.991 +0.0089 -0.0481
3.860 move +0.0560 -0.2500 +0.1468 -0.0085 -21.50 0.989 +0.0086 -0.0345
3.880 move +0.0560 -0.2500 +0.1451 -0.0090 -21.68 0.988 +0.0080 -0.0395
3.900 move +0.0560 -0.2500 +0.1428 -0.0098 -21.79 0.988 +0.0070 -0.0601
3.920 move +0.0560 -0.2500 +0.1405 -0.0116 -21.93 0.989 +0.0051 +0.0077
3.940 move +0.0560 -0.2500 +0.1388 -0.0146 -22.14 0.991 +0.0023 +0.0387
3.960 move +0.0560 -0.2500 +0.1379 -0.0184 -22.57 0.993 -0.0010 +0.0792
3.980 move +0.0560 -0.2500 +0.1381 -0.0228 -22.91 0.994 -0.0045 +0.1304
4.000 move +0.0560 -0.2500 +0.1394 -0.0276 -23.20 0.996 -0.0079 +0.1764
4.020 move +0.0560 -0.2500 +0.1418 -0.0325 -23.48 0.998 +0.0590 +0.1876
4.040 move +0.0560 -0.2500 +0.1443 -0.0372 -23.77 0.999 +0.0602 +0.1432
4.060 move +0.0560 -0.2500 +0.1456 -0.0403 -24.61 0.999 +0.0597 +0.0494
4.080 move +0.0560 -0.2500 +0.1464 -0.0414 -25.06 0.998 +0.0157 +0.0042
4.100 move +0.0560 -0.2500 +0.1469 -0.0413 -25.27 0.995 +0.0159 -0.0373
4.120 move +0.0560 -0.2500 +0.1472 -0.0404 -25.57 0.991 +0.0157 -0.0360
4.140 move +0.0560 -0.2500 +0.1472 -0.0387 -25.79 0.988 +0.0149 -0.0487
4.160 move +0.0560 -0.2500 +0.1468 -0.0362 -25.77 0.986 +0.0133 -0.0639
4.180 move +0.0560 -0.2500 +0.1469 -0.0326 -25.67 0.986 +0.0106 -0.0461
4.200 move +0.0560 -0.2500 +0.1475 -0.0283 -25.49 0.987 +0.0068 -0.0150
4.220 move +0.0560 -0.2500 +0.1488 -0.0232 -25.20 0.990 +0.0022 -0.0219
4.240 move +0.0560 -0.2500 +0.1507 -0.0175 -24.73 0.993 -0.0029 +0.0088
4.260 move +0.0560 -0.2500 +0.1538 -0.0122 -24.44 0.996 +0.0597 +0.0553
4.280 move +0.0560 -0.2500 +0.1576 -0.0077 -24.45 0.999 +0.0572 +0.0792
4.300 move +0.0560 -0.2500 +0.1617 -0.0033 -24.32 1.000 -0.0169 +0.0923
4.320 move +0.0560 -0.2500 +0.1663 +0.0009 -23.87 0.999 -0.0219 +0.1418
4.340 move +0.0560 -0.2500 +0.1696 +0.0042 -23.35 0.997 +0.0641 -0.0192
4.360 move +0.0560 -0.2500 +0.1704 +0.0066 -22.87 0.992 +0.0252 -0.0656
4.380 move +0.0560 -0.2500 +0.1703 +0.0082 -22.94 0.986 +0.0268 -0.0638
4.400 move +0.0560 -0.2500 +0.1697 +0.0095 -22.86 0.979 +0.0283 -0.0552
4.420 move +0.0560 -0.2500 +0.1686 +0.0105 -23.03 0.973 +0.0291 -0.0560
4.440 move +0.0560 -0.2500 +0.1674 +0.0109 -23.26 0.968 +0.0292 -0.0161
4.460 move +0.0560 -0.2500 +0.1667 +0.0104 -23.30 0.965 +0.0285 +0.0344
4.480 move +0.0560 -0.2500 +0.1667 +0.0091 -23.42 0.963 +0.0272 +0.0747
4.500 move +0.0560 -0.2500 +0.1671 +0.0070 -24.11 0.964 +0.0257 +0.1063
4.520 move +0.0560 -0.2500 +0.1683 +0.0041 -24.91 0.966 +0.0240 +0.1458
4.540 move +0.0560 -0.2500 +0.1703 +0.0004 -25.60 0.969 +0.0220 +0.1818
4.560 move +0.0560 -0.2500 +0.1730 -0.0042 -26.29 0.975 +0.0197 +0.2126
4.580 move +0.0560 -0.2500 +0.1762 -0.0096 -27.28 0.981 +0.0176 +0.2425
4.600 move +0.0560 -0.2500 +0.1803 -0.0156 -28.39 0.988 +0.0671 +0.2824
4.620 move +0.0560 -0.2500 +0.1845 -0.0213 -29.40 0.994 +0.0646 +0.2283
4.640 move +0.0560 -0.2500 +0.1879 -0.0253 -29.99 0.997 -0.0124 +0.1768
4.660 move +0.0560 -0.2500 +0.1911 -0.0285 -30.16 0.998 -0.0104 +0.1659
4.680 move +0.0560 -0.2500 +0.1940 -0.0312 -30.19 0.998 -0.0087 +0.1556
4.700 move +0.0560 -0.2500 +0.1966 -0.0337 -30.18 0.998 -0.0071 +0.1531
4.720 move +0.0560 -0.2500 +0.1989 -0.0363 -30.11 0.996 -0.0056 +0.1552
4.740 move +0.0560 -0.2500 +0.2013 -0.0389 -30.05 0.995 -0.0044 +0.1761
4.760 move +0.0560 -0.2500 +0.2038 -0.0408 -29.98 0.994 -0.0040 +0.1516
4.780 move +0.0560 -0.2500 +0.2066 -0.0423 -29.95 0.994 -0.0040 +0.1704
4.800 move +0.0560 -0.2500 +0.2099 -0.0435 -29.97 0.994 -0.0042 +0.1907
4.820 move +0.0560 -0.2500 +0.2135 -0.0447 -30.12 0.996 +0.0437 +0.1700
4.840 move +0.0560 -0.2500 +0.2168 -0.0458 -30.32 0.996 +0.0432 +0.1302
4.860 move +0.0560 -0.2500 +0.2189 -0.0463 -29.80 0.995 -0.0054 +0.0658
4.880 move +0.0560 -0.2500 +0.2207 -0.0470 -29.18 0.995 +0.0477 +0.0746
4.900 move +0.0560 -0.2500 +0.2202 -0.0477 -28.71 0.994 +0.0004 -0.1032
4.920 move +0.0560 -0.2500 +0.2179 -0.0481 -28.29 0.991 +0.0005 -0.1483
4.940 move +0.0560 -0.2500 +0.2153 -0.0486 -28.66 0.990 -0.0001 -0.1146
4.960 move +0.0560 -0.2500 +0.2126 -0.0489 -29.12 0.991 -0.0010 -0.0898
4.980 move +0.0560 -0.2500 +0.2097 -0.0490 -29.47 0.992 -0.0019 -0.0874
5.000 move +0.0560 -0.2500 +0.2064 -0.0487 -29.66 0.993 -0.0025 -0.1047
5.020 move +0.0560 -0.2500 +0.2030 -0.0480 -29.61 0.995 -0.0030 -0.0881
5.040 move +0.0560 -0.2500 +0.2002 -0.0481 -29.81 0.996 -0.0041 -0.0427
5.060 move +0.0560 -0.2500 +0.1983 -0.0491 -30.27 0.996 -0.0055 +0.0111
5.080 move +0.0560 -0.2500 +0.1974 -0.0509 -30.72 0.995 -0.0071 +0.0631
5.100 move +0.0560 -0.2500 +0.1976 -0.0533 -31.11 0.996 -0.0087 +0.1068
5.120 move +0.0560 -0.2500 +0.1989 -0.0560 -31.57 0.996 -0.0099 +0.1394
5.140 move +0.0560 -0.2500 +0.2012 -0.0590 -32.05 0.997 +0.0670 +0.1575
5.160 move +0.0560 -0.2500 +0.2029 -0.0614 -32.97 0.999 +0.0681 +0.0794
5.180 move +0.0560 -0.2500 +0.2045 -0.0623 -33.68 0.999 +0.0675 +0.0440
5.200 move +0.0560 -0.2500 +0.2062 -0.0619 -33.74 0.998 +0.0668 +0.0165
5.220 move +0.0560 -0.2500 +0.2079 -0.0605 -33.77 0.996 +0.0089 -0.0036
5.240 move +0.0560 -0.2500 +0.2094 -0.0583 -33.88 0.994 +0.0072 -0.0208
5.260 move +0.0560 -0.2500 +0.2107 -0.0553 -33.74 0.993 +0.0049 -0.0337
5.280 move +0.0560 -0.2500 +0.2123 -0.0515 -33.53 0.993 +0.0016 -0.0133
5.300 move +0.0560 -0.2500 +0.2146 -0.0473 -33.22 0.994 -0.0025 +0.0233
5.320 move +0.0560 -0.2500 +0.2175 -0.0430 -32.88 0.996 -0.0070 +0.0296
5.340 move +0.0560 -0.2500 +0.2209 -0.0391 -32.59 0.998 +0.0603 +0.0670
5.360 move +0.0560 -0.2500 +0.2255 -0.0362 -32.68 0.999 +0.0576 +0.1146
5.380 move +0.0560 -0.2500 +0.2308 -0.0338 -32.59 1.000 -0.0186 +0.1687
5.400 move +0.0560 -0.2500 +0.2371 -0.0316 -32.64 0.999 -0.0228 +0.1919
5.420 move +0.0560 -0.2500 +0.2439 -0.0294 -32.36 0.998 -0.0275 +0.2208
5.440 move +0.0560 -0.2500 +0.2486 -0.0280 -31.76 0.994 +0.0254 +0.0398
5.460 move +0.0560 -0.2500 +0.2505 -0.0271 -31.54 0.987 +0.0281 -0.0386
5.480 move +0.0560 -0.2500 +0.2515 -0.0268 -32.04 0.979 +0.0291 -0.0268
5.500 move +0.0560 -0.2500 +0.2522 -0.0268 -32.48 0.971 +0.0297 +0.0006
5.520 move +0.0560 -0.2500 +0.2525 -0.0270 -33.07 0.965 +0.0297 +0.0164
5.540 move +0.0560 -0.2500 +0.2524 -0.0272 -33.69 0.961 +0.0291 +0.0147
5.560 move +0.0560 -0.2500 +0.2518 -0.0275 -34.03 0.960 +0.0284 +0.0211
5.580 move +0.0560 -0.2500 +0.2512 -0.0288 -34.24 0.961 +0.0270 +0.0646
5.600 move +0.0560 -0.2500 +0.2510 -0.0312 -34.54 0.965 +0.0250 +0.1100
5.620 move +0.0560 -0.2500 +0.2514 -0.0346 -34.70 0.970 +0.0225 +0.1555
5.640 move +0.0560 -0.2500 +0.2524 -0.0389 -34.71 0.975 +0.0196 +0.1959
5.660 move +0.0560 -0.2500 +0.2539 -0.0441 -34.64 0.982 +0.0162 +0.2215
5.680 move +0.0560 -0.2500 +0.2558 -0.0503 -34.68 0.988 +0.0123 +0.2522
5.700 move +0.0560 -0.2500 +0.2568 -0.0560 -35.64 0.992 +0.0534 +0.0928
5.720 move +0.0560 -0.2500 +0.2567 -0.0598 -37.02 0.994 -0.0082 +0.0342
5.740 move +0.0560 -0.2500 +0.2561 -0.0625 -37.58 0.995 -0.0053 +0.0150
5.760 move +0.0560 -0.2500 +0.2551 -0.0646 -37.69 0.995 -0.0028 +0.0024
5.780 move +0.0560 -0.2500 +0.2539 -0.0661 -37.61 0.995 -0.0006 -0.0111
5.800 move +0.0560 -0.2500 +0.2525 -0.0669 -37.48 0.994 +0.0010 -0.0223
5.820 move +0.0560 -0.2500 +0.2514 -0.0670 -37.34 0.993 +0.0018 -0.0192
5.840 move +0.0560 -0.2500 +0.2511 -0.0665 -37.17 0.992 +0.0015 +0.0139
5.860 move +0.0560 -0.2500 +0.2514 -0.0653 -36.98 0.992 +0.0002 +0.0027
5.880 move +0.0560 -0.2500 +0.2524 -0.0637 -36.76 0.993 -0.0015 +0.0350
5.900 move +0.0560 -0.2500 +0.2543 -0.0623 -36.63 0.995 +0.0580 +0.0717
5.920 move +0.0560 -0.2500 +0.2572 -0.0614 -36.62 0.997 +0.0558 +0.0879
5.940 move +0.0560 -0.2500 +0.2602 -0.0607 -36.29 0.998 +0.0534 +0.0901
5.960 move +0.0560 -0.2500 +0.2632 -0.0600 -35.70 0.999 -0.0083 +0.0984
5.980 move +0.0560 -0.2500 +0.2663 -0.0599 -35.21 1.000 +0.0635 +0.0917
6.000 move +0.0560 -0.2500 +0.2673 -0.0595 -34.64 1.000 +0.0067 -0.0435
6.020 move +0.0560 -0.2500 +0.2668 -0.0592 -34.49 0.998 +0.0079 -0.0729
6.040 move +0.0560 -0.2500 +0.2657 -0.0589 -34.77 0.995 +0.0083 -0.0594
6.060 move +0.0560 -0.2500 +0.2643 -0.0587 -34.95 0.993 +0.0083 -0.0561
6.080 move +0.0560 -0.2500 +0.2622 -0.0585 -35.07 0.991 +0.0079 -0.0676
6.100 move +0.0560 -0.2500 +0.2595 -0.0586 -35.30 0.990 +0.0071 -0.0508
6.120 move +0.0560 -0.2500 +0.2572 -0.0601 -35.55 0.990 +0.0051 +0.0258
6.140 move +0.0560 -0.2500 +0.2554 -0.0628 -35.79 0.990 +0.0023 +0.0595
6.160 move +0.0560 -0.2500 +0.2541 -0.0665 -36.29 0.990 -0.0009 +0.1009
6.180 move +0.0560 -0.2500 +0.2536 -0.0710 -36.62 0.991 -0.0044 +0.1440
6.200 move +0.0560 -0.2500 +0.2540 -0.0761 -36.88 0.993 -0.0079 +0.1803
6.220 move +0.0560 -0.2500 +0.2552 -0.0814 -37.06 0.995 -0.0110 +0.1791
6.240 move +0.0560 -0.2500 +0.2572 -0.0867 -37.26 0.997 +0.0679 +0.2264
6.260 move +0.0560 -0.2500 +0.2588 -0.0912 -38.16 0.998 +0.0686 +0.1263
6.280 move +0.0560 -0.2500 +0.2602 -0.0937 -38.88 0.997 +0.0674 +0.0713
6.300 move +0.0560 -0.2500 +0.2617 -0.0944 -38.91 0.995 +0.0163 +0.0212
6.320 move +0.0560 -0.2500 +0.2631 -0.0940 -39.10 0.992 +0.0159 +0.0005
6.340 move +0.0560 -0.2500 +0.2643 -0.0926 -39.31 0.989 +0.0150 -0.0164
6.360 move +0.0560 -0.2500 +0.2656 -0.0903 -39.25 0.987 +0.0130 -0.0180
6.380 move +0.0560 -0.2500 +0.2674 -0.0871 -39.11 0.986 +0.0101 -0.0092
6.400 move +0.0560 -0.2500 +0.2698 -0.0834 -38.89 0.988 +0.0063 +0.0160
6.420 move +0.0560 -0.2500 +0.2729 -0.0791 -38.56 0.990 +0.0017 +0.0063
6.440 move +0.0560 -0.2500 +0.2767 -0.0743 -38.06 0.993 -0.0035 +0.0367
6.460 move +0.0560 -0.2500 +0.2815 -0.0704 -37.82 0.997 +0.0605 +0.0829
6.480 move +0.0560 -0.2500 +0.2867 -0.0673 -37.84 0.999 +0.0577 +0.1036
6.500 move +0.0560 -0.2500 +0.2922 -0.0643 -37.71 1.000 -0.0173 +0.1261
6.520 move +0.0560 -0.2500 +0.2983 -0.0616 -37.22 0.999 -0.0224 +0.1686
6.540 move +0.0560 -0.2500 +0.3029 -0.0593 -36.76 0.997 +0.0648 -0.0006
6.560 move +0.0560 -0.2500 +0.3047 -0.0573 -36.35 0.992 +0.0251 -0.0550
6.580 move +0.0560 -0.2500 +0.3055 -0.0558 -36.68 0.985 +0.0272 -0.0400
6.600 move +0.0560 -0.2500 +0.3059 -0.0545 -36.97 0.978 +0.0288 -0.0317
6.620 move +0.0560 -0.2500 +0.3058 -0.0533 -37.32 0.972 +0.0297 -0.0317
6.640 move +0.0560 -0.2500 +0.3052 -0.0523 -37.67 0.967 +0.0301 -0.0088
6.660 move +0.0560 -0.2500 +0.3049 -0.0525 -37.82 0.964 +0.0297 +0.0470
6.680 move +0.0560 -0.2500 +0.3050 -0.0537 -37.89 0.962 +0.0286 +0.0910
6.700 move +0.0560 -0.2500 +0.3055 -0.0559 -38.49 0.963 +0.0274 +0.1257
6.720 move +0.0560 -0.2500 +0.3065 -0.0590 -39.26 0.965 +0.0260 +0.1685
6.740 move +0.0560 -0.2500 +0.3081 -0.0631 -39.90 0.969 +0.0243 +0.2082
6.760 move +0.0560 -0.2500 +0.3103 -0.0681 -40.47 0.974 +0.0223 +0.2408
6.780 move +0.0560 -0.2500 +0.3130 -0.0741 -41.24 0.981 +0.0203 +0.2722
6.800 move +0.0560 -0.2500 +0.3162 -0.0808 -42.23 0.987 +0.0185 +0.3176
6.820 move +0.0560 -0.2500 +0.3192 -0.0868 -43.24 0.992 +0.0576 +0.2079
6.840 move +0.0560 -0.2500 +0.3216 -0.0909 -43.89 0.994 -0.0164 +0.1581
6.860 move +0.0560 -0.2500 +0.3240 -0.0940 -44.08 0.995 -0.0149 +0.1497
6.880 move +0.0560 -0.2500 +0.3263 -0.0966 -44.10 0.996 -0.0137 +0.1408
6.900 move +0.0560 -0.2500 +0.3284 -0.0989 -44.08 0.996 -0.0127 +0.1366
6.920 move +0.0560 -0.2500 +0.3302 -0.1011 -44.07 0.995 -0.0119 +0.1370
6.940 move +0.0560 -0.2500 +0.3320 -0.1035 -44.02 0.995 -0.0113 +0.1666
6.960 move +0.0560 -0.2500 +0.3336 -0.1058 -43.95 0.995 -0.0109 +0.1388
6.980 move +0.0560 -0.2500 +0.3355 -0.1079 -43.91 0.995 -0.0107 +0.1559
7.000 move +0.0560 -0.2500 +0.3378 -0.1101 -43.88 0.996 -0.0105 +0.1767
7.020 move +0.0560 -0.2500 +0.3403 -0.1123 -44.05 0.997 +0.0411 +0.1539
7.040 move +0.0560 -0.2500 +0.3424 -0.1143 -44.20 0.996 +0.0408 +0.1027
7.060 move +0.0560 -0.2500 +0.3438 -0.1154 -43.77 0.995 +0.0412 +0.0576
7.080 move +0.0560 -0.2500 +0.3445 -0.1163 -43.21 0.994 +0.0450 +0.0254
7.100 move +0.0560 -0.2500 +0.3432 -0.1167 -42.75 0.993 +0.0056 -0.1288
7.120 move +0.0560 -0.2500 +0.3401 -0.1165 -42.44 0.991 +0.0053 -0.1725
7.140 move +0.0560 -0.2500 +0.3368 -0.1162 -42.76 0.990 +0.0045 -0.1398
7.160 move +0.0560 -0.2500 +0.3336 -0.1158 -43.08 0.990 +0.0035 -0.1134
7.180 move +0.0560 -0.2500 +0.3302 -0.1150 -43.27 0.991 +0.0026 -0.1061
7.200 move +0.0560 -0.2500 +0.3267 -0.1138 -43.37 0.991 +0.0019 -0.1231
7.220 move +0.0560 -0.2500 +0.3228 -0.1123 -43.29 0.992 +0.0011 -0.1248
7.240 move +0.0560 -0.2500 +0.3192 -0.1119 -43.51 0.993 -0.0006 -0.0634
7.260 move +0.0560 -0.2500 +0.3161 -0.1128 -44.00 0.994 -0.0028 -0.0009
7.280 move +0.0560 -0.2500 +0.3139 -0.1149 -44.47 0.994 -0.0052 +0.0473
7.300 move +0.0560 -0.2500 +0.3125 -0.1176 -44.88 0.994 -0.0076 +0.0852
7.320 move +0.0560 -0.2500 +0.3120 -0.1211 -45.34 0.995 -0.0098 +0.1197
7.340 move +0.0560 -0.2500 +0.3124 -0.1248 -45.83 0.996 -0.0115 +0.1453
7.360 move +0.0560 -0.2500 +0.3131 -0.1284 -46.77 0.997 +0.0727 +0.0999
7.380 move +0.0560 -0.2500 +0.3138 -0.1306 -47.61 0.997 +0.0724 +0.0596
7.400 move +0.0560 -0.2500 +0.3151 -0.1313 -47.70 0.996 +0.0717 +0.0276
7.420 move +0.0560 -0.2500 +0.3168 -0.1309 -47.69 0.994 +0.0713 +0.0170
7.440 move +0.0560 -0.2500 +0.3191 -0.1295 -47.82 0.992 +0.0109 +0.0059
7.460 move +0.0560 -0.2500 +0.3216 -0.1273 -47.86 0.990 +0.0084 -0.0024
7.480 move +0.0560 -0.2500 +0.3249 -0.1242 -47.63 0.990 +0.0049 +0.0097
7.500 move +0.0560 -0.2500 +0.3288 -0.1208 -47.29 0.992 +0.0005 +0.0357
7.520 move +0.0560 -0.2500 +0.3333 -0.1172 -46.90 0.994 -0.0045 +0.0458
7.540 move +0.0560 -0.2500 +0.3385 -0.1142 -46.57 0.996 +0.0625 +0.0889
7.560 move +0.0560 -0.2500 +0.3445 -0.1126 -46.59 0.999 -0.0136 +0.1398
7.580 move +0.0560 -0.2500 +0.3510 -0.1117 -46.22 1.000 +0.0563 +0.1935
7.600 move +0.0560 -0.2500 +0.3579 -0.1109 -46.18 0.999 -0.0216 +0.1862
7.620 move +0.0560 -0.2500 +0.3653 -0.1101 -45.88 0.998 -0.0265 +0.2232
7.640 move +0.0560 -0.2500 +0.3708 -0.1099 -45.39 0.995 +0.0610 +0.0570
7.660 move +0.0560 -0.2500 +0.3732 -0.1095 -45.15 0.988 +0.0269 -0.0289
7.680 move +0.0560 -0.2500 +0.3746 -0.1095 -45.82 0.980 +0.0279 -0.0035
7.700 move +0.0560 -0.2500 +0.3757 -0.1097 -46.52 0.973 +0.0287 +0.0184
7.720 move +0.0560 -0.2500 +0.3764 -0.1100 -47.34 0.967 +0.0288 +0.0297
7.740 move +0.0560 -0.2500 +0.3765 -0.1101 -48.17 0.963 +0.0284 +0.0240
7.760 move +0.0560 -0.2500 +0.3762 -0.1104 -48.68 0.962 +0.0278 +0.0401
7.780 move +0.0560 -0.2500 +0.3758 -0.1118 -48.95 0.963 +0.0265 +0.0877
7.800 move +0.0560 -0.2500 +0.3754 -0.1143 -49.27 0.967 +0.0246 +0.1318
7.820 move +0.0560 -0.2500 +0.3753 -0.1180 -49.31 0.971 +0.0220 +0.1690
7.840 move +0.0560 -0.2500 +0.3756 -0.1228 -49.43 0.977 +0.0192 +0.2222
7.860 move +0.0560 -0.2500 +0.3764 -0.1287 -49.28 0.983 +0.0157 +0.2555
7.880 move +0.0560 -0.2500 +0.3773 -0.1355 -49.32 0.989 +0.0484 +0.2831
7.900 move +0.0560 -0.2500 +0.3770 -0.1411 -50.50 0.991 +0.0490 +0.0941
7.920 move +0.0560 -0.2500 +0.3763 -0.1445 -51.72 0.992 -0.0083 +0.0292
7.940 move +0.0560 -0.2500 +0.3754 -0.1467 -52.28 0.993 -0.0059 +0.0137
7.960 move +0.0560 -0.2500 +0.3745 -0.1481 -52.52 0.993 -0.0037 -0.0028
7.980 move +0.0560 -0.2500 +0.3734 -0.1487 -52.58 0.993 -0.0022 -0.0228
8.000 move +0.0560 -0.2500 +0.3722 -0.1483 -52.56 0.992 -0.0013 -0.0455
8.020 move +0.0560 -0.2500 +0.3711 -0.1470 -52.52 0.992 -0.0011 -0.0677
8.040 move +0.0560 -0.2500 +0.3707 -0.1450 -52.32 0.993 -0.0021 -0.0400
8.060 move +0.0560 -0.2500 +0.3710 -0.1425 -52.08 0.994 -0.0040 -0.0456
8.080 move +0.0560 -0.2500 +0.3720 -0.1400 -51.81 0.996 -0.0063 -0.0164
8.100 move +0.0560 -0.2500 +0.3737 -0.1380 -51.57 0.997 +0.0565 +0.0170
8.120 move +0.0560 -0.2500 +0.3761 -0.1370 -51.66 0.999 +0.0555 +0.0440
8.140 move +0.0560 -0.2500 +0.3787 -0.1363 -51.62 1.000 +0.0540 +0.0516
8.160 move +0.0560 -0.2500 +0.3816 -0.1357 -51.27 1.000 -0.0149 +0.0728
8.180 move +0.0560 -0.2500 +0.3846 -0.1358 -50.75 1.000 +0.0646 +0.0960
8.200 move +0.0560 -0.2500 +0.3857 -0.1352 -49.90 0.999 +0.0708 -0.0587
8.220 move +0.0560 -0.2500 +0.3849 -0.1346 -49.65 0.996 +0.0152 -0.0853
8.240 move +0.0560 -0.2500 +0.3835 -0.1342 -49.76 0.993 +0.0155 -0.0750
8.260 move +0.0560 -0.2500 +0.3816 -0.1338 -50.10 0.990 +0.0149 -0.0664
8.280 move +0.0560 -0.2500 +0.3791 -0.1335 -50.47 0.987 +0.0138 -0.0582
8.300 move +0.0560 -0.2500 +0.3761 -0.1344 -50.85 0.986 +0.0118 -0.0068
8.320 move +0.0560 -0.2500 +0.3732 -0.1367 -51.03 0.986 +0.0087 +0.0694
8.340 move +0.0560 -0.2500 +0.3705 -0.1403 -51.25 0.987 +0.0048 +0.1045
8.360 move +0.0560 -0.2500 +0.3680 -0.1450 -51.70 0.989 +0.0006 +0.1413
8.380 move +0.0560 -0.2500 +0.3661 -0.1506 -52.00 0.991 -0.0039 +0.1857
8.400 move +0.0560 -0.2500 +0.3649 -0.1569 -52.20 0.993 -0.0083 +0.2145
8.420 move +0.0560 -0.2500 +0.3644 -0.1636 -52.43 0.996 +0.0641 +0.2115
8.440 move +0.0560 -0.2500 +0.3646 -0.1704 -52.61 0.997 +0.0650 +0.2440
8.460 move +0.0560 -0.2500 +0.3645 -0.1757 -53.39 0.998 +0.0643 +0.1213
8.480 move +0.0560 -0.2500 +0.3648 -0.1785 -53.88 0.996 +0.0197 +0.0562
8.500 move +0.0560 -0.2500 +0.3654 -0.1796 -53.98 0.993 +0.0202 +0.0027
8.520 move +0.0560 -0.2500 +0.3662 -0.1797 -54.45 0.989 +0.0204 -0.0130
8.540 move +0.0560 -0.2500 +0.3672 -0.1788 -54.82 0.985 +0.0199 -0.0255
8.560 move +0.0560 -0.2500 +0.3682 -0.1771 -55.02 0.981 +0.0187 -0.0447
8.580 move +0.0560 -0.2500 +0.3694 -0.1746 -55.06 0.980 +0.0167 -0.0464
8.600 move +0.0560 -0.2500 +0.3712 -0.1716 -54.90 0.981 +0.0138 -0.0268
8.620 move +0.0560 -0.2500 +0.3737 -0.1681 -54.61 0.983 +0.0101 -0.0407
8.640 move +0.0560 -0.2500 +0.3769 -0.1643 -54.11 0.986 +0.0060 -0.0203
8.660 move +0.0560 -0.2500 +0.3811 -0.1607 -53.68 0.990 +0.0657 +0.0000
8.680 move +0.0560 -0.2500 +0.3858 -0.1577 -53.02 0.994 +0.0626 +0.0255
8.700 move +0.0560 -0.2500 +0.3907 -0.1552 -52.19 0.997 +0.0620 +0.0476
8.720 move +0.0560 -0.2500 +0.3956 -0.1532 -51.54 0.999 -0.0106 +0.0932
8.740 move +0.0560 -0.2500 +0.3997 -0.1517 -51.10 0.999 +0.0742 +0.0031
8.760 move +0.0560 -0.2500 +0.4018 -0.1499 -51.25 0.998 +0.0706 -0.0449
8.780 move +0.0560 -0.2500 +0.4026 -0.1486 -51.42 0.994 +0.0174 -0.0529
8.800 move +0.0560 -0.2500 +0.4026 -0.1474 -51.36 0.990 +0.0188 -0.0507
8.820 move +0.0560 -0.2500 +0.4021 -0.1466 -51.58 0.985 +0.0194 -0.0163
8.840 move +0.0560 -0.2500 +0.4011 -0.1469 -51.85 0.981 +0.0189 +0.0228
8.860 move +0.0560 -0.2500 +0.4002 -0.1483 -52.01 0.978 +0.0175 +0.0762
8.880 move +0.0560 -0.2500 +0.3993 -0.1509 -52.37 0.978 +0.0154 +0.1124
8.900 move +0.0560 -0.2500 +0.3983 -0.1546 -53.58 0.978 +0.0133 +0.1459
8.920 move +0.0560 -0.2500 +0.3974 -0.1595 -54.92 0.981 +0.0108 +0.1892
8.940 move +0.0560 -0.2500 +0.3966 -0.1657 -56.22 0.985 +0.0080 +0.2263
8.960 move +0.0560 -0.2500 +0.3958 -0.1729 -57.43 0.990 +0.0049 +0.2561
8.980 move +0.0560 -0.2500 +0.3956 -0.1811 -58.37 0.995 +0.0621 +0.3080
9.000 move +0.0560 -0.2500 +0.3957 -0.1887 -59.54 0.998 +0.0608 +0.2231
9.020 move +0.0560 -0.2500 +0.3956 -0.1941 -60.52 0.999 +0.0029 +0.1238
9.040 move +0.0560 -0.2500 +0.3960 -0.1975 -60.79 0.997 +0.0050 +0.0836
9.060 move +0.0560 -0.2500 +0.3967 -0.1998 -60.72 0.995 +0.0063 +0.0735
9.080 move +0.0560 -0.2500 +0.3978 -0.2012 -60.56 0.992 +0.0065 +0.0531
9.100 move +0.0560 -0.2500 +0.3991 -0.2015 -60.45 0.989 +0.0060 +0.0297
9.120 move +0.0560 -0.2500 +0.4006 -0.2007 -60.39 0.988 +0.0047 +0.0082
9.140 move +0.0560 -0.2500 +0.4023 -0.1991 -60.25 0.989 +0.0023 -0.0034
9.160 move +0.0560 -0.2500 +0.4045 -0.1963 -60.08 0.991 -0.0009 -0.0363
9.180 move +0.0560 -0.2500 +0.4075 -0.1931 -59.86 0.994 -0.0049 -0.0210
9.200 move +0.0560 -0.2500 +0.4112 -0.1901 -59.70 0.997 +0.0527 +0.0097
9.220 move +0.0560 -0.2500 +0.4152 -0.1881 -59.84 0.999 +0.0517 +0.0261
9.240 move +0.0560 -0.2500 +0.4193 -0.1863 -59.96 1.000 +0.0510 +0.0199
9.260 move +0.0560 -0.2500 +0.4233 -0.1840 -59.36 1.000 -0.0205 +0.0250
9.280 move +0.0560 -0.2500 +0.4271 -0.1824 -58.69 0.998 +0.0630 -0.0121
9.300 move +0.0560 -0.2500 +0.4282 -0.1798 -57.60 0.996 +0.0224 -0.1419
9.320 move +0.0560 -0.2500 +0.4275 -0.1770 -57.36 0.991 +0.0245 -0.1544
9.340 move +0.0560 -0.2500 +0.4261 -0.1744 -57.08 0.985 +0.0263 -0.1409
9.360 move +0.0560 -0.2500 +0.4244 -0.1717 -57.08 0.980 +0.0270 -0.1378
9.380 move +0.0560 -0.2500 +0.4223 -0.1696 -57.25 0.975 +0.0270 -0.0874
9.400 move +0.0560 -0.2500 +0.4200 -0.1687 -57.52 0.971 +0.0261 -0.0308
9.420 move +0.0560 -0.2500 +0.4180 -0.1693 -57.73 0.968 +0.0244 +0.0416
9.440 move +0.0560 -0.2500 +0.4159 -0.1711 -58.36 0.968 +0.0222 +0.0659
9.460 move +0.0560 -0.2500 +0.4135 -0.1739 -59.81 0.969 +0.0200 +0.0949
9.480 move +0.0560 -0.2500 +0.4112 -0.1779 -61.32 0.972 +0.0176 +0.1348
9.500 move +0.0560 -0.2500 +0.4090 -0.1829 -62.75 0.977 +0.0149 +0.1658
9.520 move +0.0560 -0.2500 +0.4067 -0.1889 -64.33 0.983 +0.0121 +0.1883
9.540 move +0.0560 -0.2500 +0.4044 -0.1956 -65.91 0.990 +0.0093 +0.2189
9.560 move +0.0560 -0.2500 +0.4029 -0.2031 -67.46 0.995 +0.0721 +0.2675
9.580 move +0.0560 -0.2500 +0.4020 -0.2100 -68.68 0.999 +0.0697 +0.2324
9.600 move +0.0560 -0.2500 +0.4015 -0.2154 -69.17 1.000 +0.0672 +0.1692
9.620 move +0.0560 -0.2500 +0.4017 -0.2192 -69.22 0.999 +0.0001 +0.1262
9.640 move +0.0560 -0.2500 +0.4022 -0.2220 -69.10 0.997 +0.0014 +0.1122
9.660 move +0.0560 -0.2500 +0.4032 -0.2241 -69.02 0.995 +0.0018 +0.0996
9.680 move +0.0560 -0.2500 +0.4049 -0.2255 -68.90 0.993 +0.0014 +0.0931
9.700 move +0.0560 -0.2500 +0.4072 -0.2265 -68.77 0.993 -0.0000 +0.1098
9.720 move +0.0560 -0.2500 +0.4102 -0.2270 -68.65 0.994 -0.0024 +0.0876
9.740 move +0.0560 -0.2500 +0.4137 -0.2274 -68.50 0.995 -0.0051 +0.1075
9.760 move +0.0560 -0.2500 +0.4176 -0.2283 -68.49 0.997 +0.0540 +0.1252
9.780 move +0.0560 -0.2500 +0.4216 -0.2297 -68.76 0.999 +0.0510 +0.1243
9.800 move +0.0560 -0.2500 +0.4255 -0.2309 -68.77 1.000 -0.0126 +0.0911
9.820 move +0.0560 -0.2500 +0.4294 -0.2319 -68.18 1.000 +0.0541 +0.1327
9.840 move +0.0560 -0.2500 +0.4322 -0.2322 -67.88 0.999 +0.0592 -0.0271
9.860 move +0.0560 -0.2500 +0.4326 -0.2312 -67.61 0.996 +0.0146 -0.1094
9.880 move +0.0560 -0.2500 +0.4320 -0.2298 -68.02 0.992 +0.0155 -0.1117
9.900 move +0.0560 -0.2500 +0.4311 -0.2284 -68.52 0.988 +0.0161 -0.0839
9.920 move +0.0560 -0.2500 +0.4298 -0.2268 -68.96 0.985 +0.0159 -0.0729
9.940 move +0.0560 -0.2500 +0.4281 -0.2251 -69.28 0.983 +0.0154 -0.0813
9.960 move +0.0560 -0.2500 +0.4257 -0.2234 -69.36 0.983 +0.0144 -0.0550
9.980 move +0.0560 -0.2500 +0.4227 -0.2233 -69.52 0.984 +0.0122 +0.0110
10.000 move +0.0560 -0.2500 +0.4195 -0.2247 -69.83 0.985 +0.0091 +0.0749
10.020 move +0.0560 -0.2500 +0.4163 -0.2274 -70.12 0.987 +0.0056 +0.1156
10.040 move +0.0560 -0.2500 +0.4133 -0.2313 -70.31 0.990 +0.0017 +0.1551
10.060 move +0.0560 -0.2500 +0.4106 -0.2361 -70.46 0.993 -0.0021 +0.1818
10.080 move +0.0560 -0.2500 +0.4084 -0.2417 -70.77 0.996 -0.0055 +0.2228
10.100 move +0.0560 -0.2500 +0.4068 -0.2475 -71.32 0.999 +0.0683 +0.1682
10.120 move +0.0560 -0.2500 +0.4053 -0.2513 -72.08 0.999 +0.0676 +0.0828
10.140 move +0.0560 -0.2500 +0.4050 -0.2533 -72.26 0.998 +0.0668 +0.0276
10.160 move +0.0560 -0.2500 +0.4056 -0.2541 -72.16 0.996 +0.0123 +0.0048
10.180 move +0.0560 -0.2500 +0.4066 -0.2540 -72.20 0.993 +0.0119 -0.0118
10.200 move +0.0560 -0.2500 +0.4081 -0.2529 -72.19 0.990 +0.0107 -0.0384
10.220 move +0.0560 -0.2500 +0.4102 -0.2510 -72.07 0.989 +0.0086 -0.0387
10.240 move +0.0560 -0.2500 +0.4131 -0.2487 -71.85 0.989 +0.0056 -0.0210
10.260 move +0.0560 -0.2500 +0.4169 -0.2461 -71.52 0.991 +0.0016 -0.0357
10.280 move +0.0560 -0.2500 +0.4215 -0.2436 -71.03 0.993 -0.0029 -0.0013
10.300 move +0.0560 -0.2500 +0.4266 -0.2424 -70.76 0.995 +0.0641 +0.0539
10.320 move +0.0560 -0.2500 +0.4316 -0.2424 -70.50 0.998 +0.0619 +0.0778
10.340 move +0.0560 -0.2500 +0.4367 -0.2428 -69.72 0.999 -0.0133 +0.1292
10.360 move +0.0560 -0.2500 +0.4424 -0.2442 -69.27 0.999 -0.0177 +0.1562
10.380 move +0.0392 -0.1750 +0.4477 -0.2461 -68.84 0.999 +0.0691 +0.1478
10.400 move +0.0408 -0.1830 +0.4512 -0.2470 -68.34 0.997 +0.0661 +0.0358
10.420 move +0.0424 -0.1910 +0.4531 -0.2475 -68.15 0.993 +0.0220 +0.0098
10.440 move +0.0440 -0.1990 +0.4541 -0.2478 -68.49 0.989 +0.0231 +0.0122
10.460 move +0.0456 -0.2070 +0.4542 -0.2479 -68.97 0.985 +0.0235 +0.0045
10.480 move +0.0472 -0.2150 +0.4537 -0.2480 -69.40 0.982 +0.0232 +0.0141
10.500 move +0.0488 -0.2230 +0.4523 -0.2487 -69.75 0.980 +0.0221 +0.0414
10.520 move +0.0504 -0.2310 +0.4506 -0.2503 -69.99 0.979 +0.0202 +0.0948
10.540 move +0.0520 -0.2390 +0.4484 -0.2530 -70.35 0.980 +0.0175 +0.1152
10.560 move +0.0536 -0.2470 +0.4458 -0.2566 -71.05 0.982 +0.0143 +0.1581
10.580 move +0.0552 -0.2500 +0.4431 -0.2616 -71.61 0.986 +0.0106 +0.2071
10.600 move +0.0560 -0.2500 +0.4403 -0.2679 -72.17 0.990 +0.0066 +0.2593
10.620 move +0.0560 -0.2500 +0.4381 -0.2753 -72.55 0.995 +0.0026 +0.3055
10.640 move +0.0560 -0.2500 +0.4362 -0.2827 -73.08 0.998 +0.0533 +0.2193
10.660 move +0.0560 -0.2500 +0.4345 -0.2877 -73.98 0.998 +0.0017 +0.1137
10.680 move +0.0560 -0.2500 +0.4337 -0.2910 -74.52 0.996 +0.0039 +0.0576
10.700 move +0.0560 -0.2500 +0.4337 -0.2933 -74.60 0.993 +0.0052 +0.0457
10.720 move +0.0560 -0.2500 +0.4344 -0.2948 -74.53 0.990 +0.0055 +0.0467
10.740 move +0.0560 -0.2500 +0.4357 -0.2955 -74.61 0.987 +0.0050 +0.0301
10.760 move +0.0560 -0.2500 +0.4376 -0.2954 -74.55 0.986 +0.0036 +0.0175
10.780 move +0.0560 -0.2500 +0.4400 -0.2945 -74.51 0.986 +0.0014 +0.0019
10.800 move +0.0560 -0.2500 +0.4428 -0.2928 -74.42 0.988 -0.0017 -0.0079
10.820 move +0.0560 -0.2500 +0.4460 -0.2900 -74.24 0.992 -0.0057 -0.0654
10.840 move +0.0560 -0.2500 +0.4494 -0.2865 -74.04 0.995 -0.0101 -0.0705
10.860 move +0.0560 -0.2500 +0.4536 -0.2833 -73.81 0.999 +0.0479 -0.0343
10.880 move +0.0560 -0.2500 +0.4581 -0.2813 -73.94 1.000 +0.0482 -0.0171
10.900 move +0.0560 -0.2500 +0.4629 -0.2791 -73.61 0.999 +0.0500 -0.0337
10.920 move +0.0560 -0.2500 +0.4676 -0.2768 -72.66 0.998 -0.0277 -0.0064
10.940 move +0.0560 -0.2500 +0.4705 -0.2743 -71.77 0.995 +0.0591 -0.1377
10.960 move +0.0560 -0.2500 +0.4709 -0.2708 -71.32 0.990 +0.0292 -0.1967
10.980 move +0.0560 -0.2500 +0.4704 -0.2669 -70.90 0.983 +0.0316 -0.1959
11.000 move +0.0560 -0.2500 +0.4697 -0.2632 -70.86 0.976 +0.0331 -0.1747
11.020 move +0.0560 -0.2500 +0.4687 -0.2593 -70.88 0.969 +0.0342 -0.1579
11.040 move +0.0560 -0.2500 +0.4675 -0.2565 -71.13 0.963 +0.0346 -0.0860
11.060 move +0.0560 -0.2500 +0.4662 -0.2551 -71.24 0.958 +0.0340 -0.0151
11.080 move +0.0560 -0.2500 +0.4647 -0.2551 -71.48 0.956 +0.0327 +0.0321
11.100 move +0.0560 -0.2500 +0.4630 -0.2561 -72.67 0.955 +0.0315 +0.0695
11.120 move +0.0560 -0.2500 +0.4611 -0.2582 -74.02 0.956 +0.0301 +0.1096
11.140 move +0.0560 -0.2500 +0.4591 -0.2614 -75.31 0.960 +0.0285 +0.1404
11.160 move +0.0560 -0.2500 +0.4571 -0.2654 -76.60 0.965 +0.0268 +0.1631
11.180 move +0.0560 -0.2500 +0.4548 -0.2702 -78.04 0.972 +0.0252 +0.1807
11.200 move +0.0560 -0.2500 +0.4526 -0.2759 -79.74 0.980 +0.0238 +0.2210
11.220 move +0.0560 -0.2500 +0.4507 -0.2825 -81.25 0.987 +0.0224 +0.2702
11.240 move +0.0560 -0.2500 +0.4491 -0.2898 -82.12 0.993 +0.0657 +0.2949
11.260 move +0.0560 -0.2500 +0.4483 -0.2963 -82.59 0.997 +0.0625 +0.2482
11.280 move +0.0560 -0.2500 +0.4483 -0.3018 -82.71 0.999 -0.0178 +0.2234
11.300 move +0.0560 -0.2500 +0.4487 -0.3070 -82.70 0.999 -0.0167 +0.2311
11.320 move +0.0560 -0.2500 +0.4493 -0.3122 -82.74 0.999 -0.0157 +0.2372
11.340 move +0.0560 -0.2500 +0.4497 -0.3176 -82.77 0.998 -0.0150 +0.2667
11.360 move +0.0560 -0.2500 +0.4501 -0.3229 -82.86 0.998 -0.0145 +0.2601
11.380 move +0.0560 -0.2500 +0.4507 -0.3279 -82.99 0.998 -0.0142 +0.2403
11.400 move +0.0560 -0.2500 +0.4515 -0.3327 -83.03 0.998 -0.0140 +0.2335
11.420 move +0.0560 -0.2500 +0.4523 -0.3374 -83.05 0.998 +0.0408 +0.2294
11.440 move +0.0560 -0.2500 +0.4532 -0.3418 -83.51 0.996 +0.0376 +0.1796
11.460 move +0.0560 -0.2500 +0.4541 -0.3449 -83.68 0.994 +0.0371 +0.0884
11.480 move +0.0560 -0.2500 +0.4549 -0.3469 -82.99 0.991 -0.0146 +0.0605
11.500 move +0.0560 -0.2500 +0.4548 -0.3478 -82.27 0.989 +0.0401 -0.0500
11.520 move +0.0560 -0.2500 +0.4531 -0.3472 -81.57 0.984 +0.0084 -0.1437
11.540 move +0.0560 -0.2500 +0.4509 -0.3462 -81.72 0.981 +0.0075 -0.1107
11.560 move +0.0560 -0.2500 +0.4487 -0.3451 -82.12 0.981 +0.0066 -0.0730
11.580 move +0.0560 -0.2500 +0.4468 -0.3438 -82.49 0.983 +0.0055 -0.0487
11.600 move +0.0560 -0.2500 +0.4450 -0.3423 -82.82 0.985 +0.0045 -0.0459
11.620 move +0.0560 -0.2500 +0.4436 -0.3404 -82.94 0.987 +0.0036 -0.0452
11.640 move +0.0560 -0.2500 +0.4423 -0.3378 -83.04 0.989 +0.0029 -0.0995
11.660 move +0.0560 -0.2500 +0.4410 -0.3346 -83.19 0.992 +0.0022 -0.0914
11.680 move +0.0560 -0.2500 +0.4395 -0.3332 -83.42 0.994 +0.0011 -0.0040
11.700 move +0.0560 -0.2500 +0.4380 -0.3334 -83.69 0.996 -0.0003 +0.0554
11.720 move +0.0560 -0.2500 +0.4369 -0.3349 -83.93 0.997 -0.0016 +0.0925
11.740 move +0.0560 -0.2500 +0.4359 -0.3362 -84.39 0.998 +0.0538 +0.0104
11.760 move +0.0560 -0.2500 +0.4354 -0.3362 -84.92 0.999 +0.0554 -0.0367
11.780 move +0.0560 -0.2500 +0.4354 -0.3358 -85.29 1.000 +0.0565 -0.0464
11.800 move +0.0560 -0.2500 +0.4362 -0.3350 -85.52 1.000 +0.0014 -0.0718
11.820 move +0.0560 -0.2500 +0.4373 -0.3336 -85.70 0.999 +0.0007 -0.1034
11.840 move +0.0560 -0.2500 +0.4388 -0.3316 -86.00 0.997 -0.0003 -0.1135
11.860 move +0.0560 -0.2500 +0.4406 -0.3288 -86.05 0.996 -0.0018 -0.1299
11.880 move +0.0560 -0.2500 +0.4429 -0.3255 -85.86 0.996 -0.0041 -0.1142
11.900 move +0.0560 -0.2500 +0.4460 -0.3227 -85.43 0.996 -0.0072 -0.0670
11.920 move +0.0560 -0.2500 +0.4495 -0.3204 -84.94 0.997 -0.0106 -0.0474
11.940 move +0.0560 -0.2500 +0.4531 -0.3193 -84.56 0.997 +0.0625 +0.0124
11.960 move +0.0560 -0.2500 +0.4568 -0.3203 -84.27 0.998 -0.0162 +0.0812
11.980 move +0.0560 -0.2500 +0.4605 -0.3223 -83.48 0.999 -0.0179 +0.1170
12.000 stand +0.0000 +0.0000 +0.4645 -0.3250 -82.41 0.999 -0.0219 +0.1552
12.020 stand +0.0000 +0.0000 +0.4686 -0.3280 -81.07 0.998 +0.0562 +0.1241
12.040 stand +0.0000 +0.0000 +0.4717 -0.3294 -80.09 0.997 +0.0557 +0.0472
12.060 stand +0.0000 +0.0000 +0.4740 -0.3300 -79.54 0.996 +0.0555 +0.0316
12.080 stand +0.0000 +0.0000 +0.4758 -0.3307 -79.23 0.995 +0.0551 +0.0417
12.100 stand +0.0000 +0.0000 +0.4768 -0.3317 -79.10 0.994 +0.0543 +0.0492
12.120 stand +0.0000 +0.0000 +0.4773 -0.3331 -79.10 0.994 +0.0534 +0.0578
12.140 stand +0.0000 +0.0000 +0.4773 -0.3346 -79.18 0.993 +0.0523 +0.0573
12.160 stand +0.0000 +0.0000 +0.4769 -0.3360 -79.27 0.993 +0.0513 +0.0492
12.180 stand +0.0000 +0.0000 +0.4761 -0.3373 -79.33 0.992 +0.0506 +0.0368
12.200 stand +0.0000 +0.0000 +0.4751 -0.3382 -79.33 0.992 +0.0501 +0.0221
12.220 stand +0.0000 +0.0000 +0.4739 -0.3388 -79.33 0.992 +0.0499 +0.0067
12.240 stand +0.0000 +0.0000 +0.4726 -0.3390 -79.32 0.993 +0.0500 -0.0071
12.260 stand +0.0000 +0.0000 +0.4713 -0.3390 -79.30 0.993 +0.0502 -0.0192
12.280 stand +0.0000 +0.0000 +0.4699 -0.3387 -79.27 0.993 +0.0507 -0.0294
12.300 stand +0.0000 +0.0000 +0.4685 -0.3382 -79.25 0.994 +0.0514 -0.0373
12.320 stand +0.0000 +0.0000 +0.4671 -0.3375 -79.22 0.994 +0.0522 -0.0428
12.340 stand +0.0000 +0.0000 +0.4658 -0.3367 -79.20 0.995 +0.0530 -0.0461
12.360 stand +0.0000 +0.0000 +0.4646 -0.3359 -79.18 0.996 +0.0539 -0.0476
12.380 stand +0.0000 +0.0000 +0.4634 -0.3350 -79.18 0.996 +0.0548 -0.0475
12.400 stand +0.0000 +0.0000 +0.4623 -0.3341 -79.18 0.996 +0.0557 -0.0462
12.420 stand +0.0000 +0.0000 +0.4613 -0.3333 -79.18 0.997 +0.0565 -0.0441
12.440 stand +0.0000 +0.0000 +0.4603 -0.3325 -79.18 0.997 +0.0573 -0.0416
12.460 stand +0.0000 +0.0000 +0.4595 -0.3317 -79.19 0.997 +0.0580 -0.0389
12.480 stand +0.0000 +0.0000 +0.4587 -0.3310 -79.20 0.997 +0.0587 -0.0363
12.500 stand +0.0000 +0.0000 +0.4580 -0.3303 -79.21 0.998 +0.0593 -0.0341
12.520 stand +0.0000 +0.0000 +0.4573 -0.3297 -79.22 0.998 +0.0599 -0.0323
12.540 stand +0.0000 +0.0000 +0.4566 -0.3291 -79.23 0.998 +0.0605 -0.0310
12.560 stand +0.0000 +0.0000 +0.4560 -0.3285 -79.24 0.998 +0.0610 -0.0301
12.580 stand +0.0000 +0.0000 +0.4554 -0.3280 -79.25 0.998 +0.0615 -0.0297
12.600 stand +0.0000 +0.0000 +0.4548 -0.3274 -79.26 0.998 +0.0620 -0.0297
12.620 stand +0.0000 +0.0000 +0.4542 -0.3268 -79.28 0.998 +0.0625 -0.0299
12.640 stand +0.0000 +0.0000 +0.4536 -0.3263 -79.33 0.998 +0.0630 -0.0304
12.660 stand +0.0000 +0.0000 +0.4530 -0.3257 -79.38 0.998 +0.0635 -0.0307
12.680 stand +0.0000 +0.0000 +0.4524 -0.3251 -79.37 0.998 +0.0641 -0.0311
12.700 stand +0.0000 +0.0000 +0.4518 -0.3245 -79.37 0.998 +0.0646 -0.0279
12.720 stand +0.0000 +0.0000 +0.4514 -0.3240 -79.37 0.999 +0.0650 -0.0227
12.740 stand +0.0000 +0.0000 +0.4510 -0.3236 -79.37 0.999 +0.0654 -0.0171
12.760 stand +0.0000 +0.0000 +0.4507 -0.3233 -79.37 0.999 +0.0656 -0.0118
12.780 stand +0.0000 +0.0000 +0.4504 -0.3231 -79.38 0.999 +0.0657 -0.0072
12.800 stand +0.0000 +0.0000 +0.4503 -0.3230 -79.39 0.999 +0.0658 -0.0035
12.820 stand +0.0000 +0.0000 +0.4501 -0.3230 -79.39 0.999 +0.0657 -0.0004
12.840 stand +0.0000 +0.0000 +0.4500 -0.3231 -79.40 0.999 +0.0656 +0.0018
12.860 stand +0.0000 +0.0000 +0.4500 -0.3231 -79.40 0.999 +0.0655 +0.0033
12.880 stand +0.0000 +0.0000 +0.4500 -0.3232 -79.41 0.999 +0.0654 +0.0040
12.900 stand +0.0000 +0.0000 +0.4500 -0.3233 -79.41 0.999 +0.0653 +0.0042
12.920 stand +0.0000 +0.0000 +0.4500 -0.3234 -79.42 0.999 +0.0651 +0.0040
12.940 stand +0.0000 +0.0000 +0.4501 -0.3235 -79.42 0.999 +0.0650 +0.0034
12.960 stand +0.0000 +0.0000 +0.4501 -0.3236 -79.43 0.999 +0.0649 +0.0027
12.980 stand +0.0000 +0.0000 +0.4502 -0.3236 -79.43 0.999 +0.0648 +0.0020
13.000 stand +0.0000 +0.0000 +0.4503 -0.3236 -79.44 0.999 +0.0647 +0.0014
13.020 stand +0.0000 +0.0000 +0.4503 -0.3236 -79.44 0.999 +0.0647 +0.0008
13.040 stand +0.0000 +0.0000 +0.4504 -0.3236 -79.45 0.999 +0.0646 +0.0004
13.060 stand +0.0000 +0.0000 +0.4505 -0.3236 -79.45 0.999 +0.0646 +0.0001
13.080 stand +0.0000 +0.0000 +0.4505 -0.3236 -79.46 0.999 +0.0645 -0.0000
13.100 stand +0.0000 +0.0000 +0.4506 -0.3236 -79.46 0.999 +0.0645 -0.0001
13.120 stand +0.0000 +0.0000 +0.4506 -0.3236 -79.46 0.999 +0.0644 -0.0001
13.140 stand +0.0000 +0.0000 +0.4507 -0.3236 -79.47 0.999 +0.0644 +0.0000
13.160 stand +0.0000 +0.0000 +0.4507 -0.3235 -79.47 0.999 +0.0644 +0.0001
13.180 stand +0.0000 +0.0000 +0.4507 -0.3235 -79.47 0.999 +0.0643 +0.0003
13.200 stand +0.0000 +0.0000 +0.4508 -0.3235 -79.48 0.999 +0.0643 +0.0002
13.220 stand +0.0000 +0.0000 +0.4508 -0.3235 -79.48 0.999 +0.0642 +0.0001
13.240 stand +0.0000 +0.0000 +0.4509 -0.3235 -79.48 0.999 +0.0642 +0.0001
13.260 stand +0.0000 +0.0000 +0.4509 -0.3235 -79.49 0.999 +0.0642 +0.0001
13.280 stand +0.0000 +0.0000 +0.4510 -0.3235 -79.49 0.999 +0.0641 +0.0002
13.300 stand +0.0000 +0.0000 +0.4510 -0.3235 -79.49 0.999 +0.0641 +0.0003
13.320 stand +0.0000 +0.0000 +0.4510 -0.3235 -79.50 0.999 +0.0641 +0.0004
13.340 stand +0.0000 +0.0000 +0.4511 -0.3235 -79.50 0.999 +0.0640 +0.0004
13.360 stand +0.0000 +0.0000 +0.4511 -0.3235 -79.50 0.999 +0.0640 +0.0005
13.380 stand +0.0000 +0.0000 +0.4511 -0.3235 -79.51 0.999 +0.0639 +0.0005
13.400 stand +0.0000 +0.0000 +0.4512 -0.3235 -79.51 0.999 +0.0639 +0.0005
13.420 stand +0.0000 +0.0000 +0.4512 -0.3235 -79.51 0.999 +0.0639 +0.0005
13.440 stand +0.0000 +0.0000 +0.4512 -0.3235 -79.51 0.999 +0.0638 +0.0005
13.460 stand +0.0000 +0.0000 +0.4512 -0.3235 -79.52 0.999 +0.0638 +0.0004
13.480 stand +0.0000 +0.0000 +0.4512 -0.3235 -79.52 0.999 +0.0638 +0.0004
13.500 stand +0.0000 +0.0000 +0.4513 -0.3235 -79.52 0.999 +0.0637 +0.0003
13.520 stand +0.0000 +0.0000 +0.4513 -0.3235 -79.52 0.999 +0.0637 +0.0003
13.540 stand +0.0000 +0.0000 +0.4513 -0.3236 -79.53 0.999 +0.0637 +0.0003
13.560 stand +0.0000 +0.0000 +0.4513 -0.3236 -79.53 0.999 +0.0637 +0.0003
13.580 stand +0.0000 +0.0000 +0.4513 -0.3236 -79.53 0.999 +0.0636 +0.0002
13.600 stand +0.0000 +0.0000 +0.4513 -0.3236 -79.53 0.998 +0.0636 +0.0002
13.620 stand +0.0000 +0.0000 +0.4513 -0.3236 -79.53 0.998 +0.0636 +0.0002
13.640 stand +0.0000 +0.0000 +0.4513 -0.3236 -79.54 0.998 +0.0636 +0.0002
13.660 stand +0.0000 +0.0000 +0.4514 -0.3236 -79.54 0.998 +0.0635 +0.0002
13.680 stand +0.0000 +0.0000 +0.4514 -0.3236 -79.54 0.998 +0.0635 +0.0002
13.700 stand +0.0000 +0.0000 +0.4514 -0.3236 -79.54 0.998 +0.0635 +0.0002
13.720 stand +0.0000 +0.0000 +0.4514 -0.3236 -79.54 0.998 +0.0635 +0.0002
13.740 stand +0.0000 +0.0000 +0.4514 -0.3236 -79.54 0.998 +0.0634 +0.0002
13.760 stand +0.0000 +0.0000 +0.4514 -0.3236 -79.55 0.998 +0.0634 +0.0002
13.780 stand +0.0000 +0.0000 +0.4514 -0.3236 -79.55 0.998 +0.0634 +0.0002
13.800 stand +0.0000 +0.0000 +0.4515 -0.3236 -79.55 0.998 +0.0634 +0.0002
13.820 stand +0.0000 +0.0000 +0.4515 -0.3236 -79.55 0.998 +0.0634 +0.0002
13.840 stand +0.0000 +0.0000 +0.4515 -0.3236 -79.55 0.998 +0.0634 +0.0002
13.860 stand +0.0000 +0.0000 +0.4515 -0.3236 -79.55 0.998 +0.0633 +0.0001
13.880 stand +0.0000 +0.0000 +0.4515 -0.3236 -79.56 0.998 +0.0633 +0.0001
13.900 stand +0.0000 +0.0000 +0.4515 -0.3236 -79.56 0.998 +0.0633 +0.0001
13.920 stand +0.0000 +0.0000 +0.4515 -0.3236 -79.56 0.998 +0.0633 +0.0001
13.940 stand +0.0000 +0.0000 +0.4515 -0.3236 -79.56 0.998 +0.0633 +0.0001
13.960 stand +0.0000 +0.0000 +0.4515 -0.3236 -79.56 0.998 +0.0633 +0.0001
13.980 stand +0.0000 +0.0000 +0.4515 -0.3236 -79.56 0.998 +0.0632 +0.0001
14.000 stand +0.0000 +0.0000 +0.4516 -0.3236 -79.56 0.998 +0.0632 +0.0001
14.020 stand +0.0000 +0.0000 +0.4516 -0.3236 -79.56 0.998 +0.0632 +0.0001
14.040 stand +0.0000 +0.0000 +0.4516 -0.3236 -79.57 0.998 +0.0632 +0.0001
14.060 stand +0.0000 +0.0000 +0.4516 -0.3236 -79.57 0.998 +0.0632 +0.0001
14.080 stand +0.0000 +0.0000 +0.4516 -0.3236 -79.57 0.998 +0.0632 +0.0001
14.100 stand +0.0000 +0.0000 +0.4516 -0.3236 -79.57 0.998 +0.0632 +0.0001
14.120 stand +0.0000 +0.0000 +0.4516 -0.3236 -79.57 0.998 +0.0631 +0.0001
14.140 stand +0.0000 +0.0000 +0.4516 -0.3236 -79.57 0.998 +0.0631 +0.0001
14.160 stand +0.0000 +0.0000 +0.4516 -0.3236 -79.57 0.998 +0.0631 +0.0001
14.180 stand +0.0000 +0.0000 +0.4516 -0.3236 -79.57 0.998 +0.0631 +0.0001
14.200 stand +0.0000 +0.0000 +0.4516 -0.3236 -79.58 0.998 +0.0631 +0.0001
14.220 stand +0.0000 +0.0000 +0.4516 -0.3236 -79.58 0.998 +0.0631 +0.0001
14.240 stand +0.0000 +0.0000 +0.4516 -0.3236 -79.58 0.998 +0.0631 +0.0001
14.260 stand +0.0000 +0.0000 +0.4516 -0.3236 -79.58 0.998 +0.0631 +0.0001
14.280 stand +0.0000 +0.0000 +0.4516 -0.3236 -79.58 0.998 +0.0631 +0.0001
14.300 stand +0.0000 +0.0000 +0.4516 -0.3236 -79.58 0.998 +0.0631 +0.0001
14.320 stand +0.0000 +0.0000 +0.4517 -0.3236 -79.58 0.998 +0.0631 +0.0001
14.340 stand +0.0000 +0.0000 +0.4517 -0.3236 -79.58 0.998 +0.0630 +0.0001
14.360 stand +0.0000 +0.0000 +0.4517 -0.3236 -79.58 0.998 +0.0630 +0.0001
14.380 stand +0.0000 +0.0000 +0.4517 -0.3236 -79.58 0.998 +0.0630 +0.0000
14.400 stand +0.0000 +0.0000 +0.4517 -0.3236 -79.58 0.998 +0.0630 +0.0000
14.420 stand +0.0000 +0.0000 +0.4517 -0.3236 -79.59 0.998 +0.0630 +0.0000
14.440 stand +0.0000 +0.0000 +0.4517 -0.3236 -79.59 0.998 +0.0630 +0.0000
14.460 stand +0.0000 +0.0000 +0.4517 -0.3236 -79.59 0.998 +0.0630 +0.0000
14.480 stand +0.0000 +0.0000 +0.4517 -0.3236 -79.59 0.998 +0.0630 +0.0000
