Day-1 steer log
applied_vx is the clamped command, not odometry. Forward clamp is 0.056 m/s, lowered from 0.080 because 0.080 yaws off and tips near 1.2 m (support margin about −0.09 m). CPG amplitude is |applied_vx| / 0.080, so full forward stick is amplitude 0.70 and reverse -0.032 m/s stays amplitude 0.40 with stance damper 100 N/(m/s). Yaw cap is ±0.25 rad/s; hip-yaw clip 0.12 rad plus outside-step scale 0.20. Measured motion Δx=+0.418 m, mean body vx=+0.042 m/s (not the command). Straight-forward net yaw drift=+0.00 deg; yaw during that window +0.0 to +0.0 deg. Heading at the end of the clip is +56.99 deg from the start. Turn-window Δyaw=+61.85 deg. tip=False; CoP in box=True (outside 0.0000 m); peak leg torque=2.10 Nm (limit 2.1). Stance-slip damper is 25 N/(m/s) while walking forward, down from the CSF50 crawl's 115. After stop it is 100 N/(m/s) for 1.20 s (pose blend 0.70 s), then off. A reverse stop finishes at most one step first if that phase would pitch. Foot box, friction, kp, and ±2.1 Nm are unchanged.
fault=False reason=-
t mode applied_vx applied_yaw_rate x y yaw_deg up_z margin body_vx
0.000 stand +0.0000 +0.0000 +0.0002 -0.0000 +0.00 1.000 +0.0641 +0.0146
0.020 stand +0.0000 +0.0000 +0.0006 +0.0000 +0.00 1.000 +0.0638 +0.0154
0.040 stand +0.0000 +0.0000 +0.0010 +0.0000 +0.00 1.000 +0.0635 +0.0147
0.060 stand +0.0000 +0.0000 +0.0013 +0.0000 +0.00 1.000 +0.0632 +0.0140
0.080 stand +0.0000 +0.0000 +0.0016 +0.0001 +0.00 1.000 +0.0629 +0.0124
0.100 stand +0.0000 +0.0000 +0.0019 +0.0001 +0.00 1.000 +0.0627 +0.0104
0.120 stand +0.0000 +0.0000 +0.0021 +0.0001 +0.00 1.000 +0.0625 +0.0080
0.140 stand +0.0000 +0.0000 +0.0023 +0.0002 -0.00 1.000 +0.0624 +0.0055
0.160 stand +0.0000 +0.0000 +0.0023 +0.0002 -0.00 1.000 +0.0623 +0.0030
0.180 stand +0.0000 +0.0000 +0.0024 +0.0003 -0.00 1.000 +0.0623 +0.0007
0.200 stand +0.0000 +0.0000 +0.0024 +0.0003 -0.00 1.000 +0.0623 -0.0011
0.220 stand +0.0000 +0.0000 +0.0023 +0.0004 -0.00 1.000 +0.0624 -0.0024
0.240 stand +0.0000 +0.0000 +0.0022 +0.0005 -0.00 1.000 +0.0624 -0.0032
0.260 stand +0.0000 +0.0000 +0.0022 +0.0005 -0.00 1.000 +0.0625 -0.0036
0.280 stand +0.0000 +0.0000 +0.0021 +0.0006 -0.00 1.000 +0.0626 -0.0035
0.300 stand +0.0000 +0.0000 +0.0020 +0.0007 -0.00 1.000 +0.0627 -0.0032
0.320 stand +0.0000 +0.0000 +0.0019 +0.0008 -0.00 1.000 +0.0627 -0.0026
0.340 stand +0.0000 +0.0000 +0.0019 +0.0009 -0.00 1.000 +0.0628 -0.0019
0.360 stand +0.0000 +0.0000 +0.0018 +0.0010 -0.00 1.000 +0.0628 -0.0012
0.380 stand +0.0000 +0.0000 +0.0018 +0.0012 -0.00 1.000 +0.0628 -0.0005
0.400 stand +0.0000 +0.0000 +0.0018 +0.0014 -0.00 1.000 +0.0628 +0.0001
0.420 stand +0.0000 +0.0000 +0.0018 +0.0015 -0.01 1.000 +0.0628 +0.0006
0.440 stand +0.0000 +0.0000 +0.0018 +0.0017 -0.01 1.000 +0.0628 +0.0009
0.460 stand +0.0000 +0.0000 +0.0019 +0.0020 -0.01 1.000 +0.0627 +0.0010
0.480 stand +0.0000 +0.0000 +0.0019 +0.0023 -0.01 1.000 +0.0627 +0.0011
0.500 stand +0.0000 +0.0000 +0.0019 +0.0026 -0.01 1.000 +0.0627 +0.0010
0.520 stand +0.0000 +0.0000 +0.0019 +0.0029 -0.01 1.000 +0.0627 +0.0009
0.540 stand +0.0000 +0.0000 +0.0020 +0.0033 -0.01 1.000 +0.0627 +0.0007
0.560 stand +0.0000 +0.0000 +0.0020 +0.0037 -0.01 1.000 +0.0627 +0.0004
0.580 stand +0.0000 +0.0000 +0.0020 +0.0042 -0.02 1.000 +0.0627 +0.0002
0.600 stand +0.0000 +0.0000 +0.0020 +0.0048 -0.02 1.000 +0.0627 +0.0000
0.620 stand +0.0000 +0.0000 +0.0020 +0.0054 -0.02 1.000 +0.0627 -0.0001
0.640 stand +0.0000 +0.0000 +0.0020 +0.0061 -0.02 1.000 +0.0627 -0.0002
0.660 stand +0.0000 +0.0000 +0.0020 +0.0069 -0.03 1.000 +0.0627 -0.0003
0.680 stand +0.0000 +0.0000 +0.0020 +0.0078 -0.03 0.999 +0.0627 -0.0003
0.700 stand +0.0000 +0.0000 +0.0020 +0.0088 -0.03 0.999 +0.0627 -0.0003
0.720 stand +0.0000 +0.0000 +0.0019 +0.0100 -0.04 0.999 +0.0627 -0.0003
0.740 stand +0.0000 +0.0000 +0.0019 +0.0112 -0.04 0.999 +0.0627 -0.0013
0.760 stand +0.0000 +0.0000 +0.0019 +0.0124 -0.05 0.999 +0.0627 -0.0015
0.780 stand +0.0000 +0.0000 +0.0019 +0.0135 -0.05 0.998 +0.0628 -0.0018
0.800 stand +0.0000 +0.0000 +0.0018 +0.0143 -0.06 0.998 +0.0628 -0.0020
0.820 stand +0.0000 +0.0000 +0.0018 +0.0150 -0.06 0.998 +0.0628 -0.0020
0.840 stand +0.0000 +0.0000 +0.0017 +0.0153 -0.06 0.998 +0.0629 -0.0018
0.860 stand +0.0000 +0.0000 +0.0017 +0.0155 -0.06 0.998 +0.0629 -0.0015
0.880 stand +0.0000 +0.0000 +0.0017 +0.0154 -0.06 0.998 +0.0629 -0.0011
0.900 stand +0.0000 +0.0000 +0.0016 +0.0152 -0.06 0.998 +0.0629 -0.0006
0.920 stand +0.0000 +0.0000 +0.0016 +0.0148 -0.06 0.998 +0.0630 -0.0002
0.940 stand +0.0000 +0.0000 +0.0016 +0.0144 -0.05 0.998 +0.0629 +0.0003
0.960 stand +0.0000 +0.0000 +0.0016 +0.0139 -0.05 0.998 +0.0629 +0.0007
0.980 stand +0.0000 +0.0000 +0.0017 +0.0134 -0.05 0.998 +0.0629 +0.0011
1.000 move +0.0016 +0.0080 +0.0017 +0.0130 -1.11 0.998 +0.0629 +0.0013
1.020 move +0.0032 +0.0160 +0.0017 +0.0127 -2.23 0.998 +0.0629 +0.0004
1.040 move +0.0048 +0.0240 +0.0017 +0.0124 -2.80 0.998 +0.0630 +0.0035
1.060 move +0.0064 +0.0320 +0.0018 +0.0121 -2.99 0.999 +0.0630 +0.0075
1.080 move +0.0080 +0.0400 +0.0020 +0.0116 -3.02 0.998 +0.0631 +0.0117
1.100 move +0.0096 +0.0480 +0.0022 +0.0109 -3.01 0.998 +0.0631 +0.0173
1.120 move +0.0112 +0.0560 +0.0026 +0.0101 -2.97 0.998 +0.0630 +0.0246
1.140 move +0.0128 +0.0640 +0.0031 +0.0091 -2.93 0.998 +0.0628 +0.0343
1.160 move +0.0144 +0.0720 +0.0040 +0.0081 -2.85 0.998 +0.0625 +0.0666
1.180 move +0.0160 +0.0800 +0.0055 +0.0070 -2.84 0.998 +0.0618 +0.0923
1.200 move +0.0176 +0.0880 +0.0077 +0.0059 -2.88 0.999 +0.0607 +0.1305
1.220 move +0.0192 +0.0960 +0.0107 +0.0047 -2.89 0.999 +0.0586 +0.1400
1.240 move +0.0208 +0.1040 +0.0140 +0.0036 -2.83 0.999 +0.0559 +0.1374
1.260 move +0.0224 +0.1120 +0.0171 +0.0026 -2.95 0.999 +0.0531 +0.1112
1.280 move +0.0240 +0.1200 +0.0196 +0.0017 -3.34 0.998 +0.0505 +0.0825
1.300 move +0.0256 +0.1280 +0.0218 +0.0011 -3.64 0.997 +0.0007 +0.0880
1.320 move +0.0272 +0.1360 +0.0231 +0.0007 -3.90 0.996 +0.0473 +0.0135
1.340 move +0.0288 +0.1440 +0.0233 +0.0006 -4.16 0.995 +0.0481 -0.0211
1.360 move +0.0304 +0.1520 +0.0229 +0.0010 -4.40 0.995 -0.0009 -0.0367
1.380 move +0.0320 +0.1600 +0.0219 +0.0017 -4.52 0.995 -0.0011 -0.0499
1.400 move +0.0336 +0.1680 +0.0204 +0.0024 -4.20 0.996 -0.0012 -0.0670
1.420 move +0.0352 +0.1760 +0.0183 +0.0033 -3.34 0.997 -0.0015 -0.0882
1.440 move +0.0368 +0.1840 +0.0155 +0.0042 -2.11 0.997 -0.0019 -0.1026
1.460 move +0.0384 +0.1920 +0.0136 +0.0053 -1.00 0.998 +0.0581 -0.0148
1.480 move +0.0400 +0.2000 +0.0133 +0.0065 -0.14 0.999 +0.0582 +0.0204
1.500 move +0.0416 +0.2080 +0.0141 +0.0079 +0.51 0.999 -0.0048 +0.0672
1.520 move +0.0432 +0.2160 +0.0159 +0.0091 +0.88 0.999 -0.0060 +0.1164
1.540 move +0.0448 +0.2240 +0.0184 +0.0103 +1.29 1.000 -0.0072 +0.1277
1.560 move +0.0464 +0.2320 +0.0216 +0.0113 +1.78 1.000 +0.0555 +0.1436
1.580 move +0.0480 +0.2400 +0.0237 +0.0122 +2.34 1.000 +0.0570 +0.0416
1.600 move +0.0496 +0.2480 +0.0245 +0.0118 +2.70 0.999 +0.0078 -0.0095
1.620 move +0.0512 +0.2500 +0.0246 +0.0107 +3.04 0.997 +0.0075 -0.0404
1.640 move +0.0528 +0.2500 +0.0243 +0.0092 +3.24 0.996 +0.0068 -0.0421
1.660 move +0.0544 +0.2500 +0.0234 +0.0073 +3.24 0.994 +0.0056 -0.0527
1.680 move +0.0560 +0.2500 +0.0219 +0.0049 +3.18 0.993 +0.0040 -0.0748
1.700 move +0.0560 +0.2500 +0.0198 +0.0019 +3.09 0.993 +0.0018 -0.0773
1.720 move +0.0560 +0.2500 +0.0182 -0.0016 +2.87 0.994 -0.0012 -0.0335
1.740 move +0.0560 +0.2500 +0.0171 -0.0056 +2.56 0.995 -0.0046 -0.0258
1.760 move +0.0560 +0.2500 +0.0166 -0.0097 +2.18 0.997 +0.0601 +0.0122
1.780 move +0.0560 +0.2500 +0.0177 -0.0136 +2.06 0.998 +0.0589 +0.0595
1.800 move +0.0560 +0.2500 +0.0195 -0.0173 +1.84 1.000 -0.0141 +0.0855
1.820 move +0.0560 +0.2500 +0.0224 -0.0209 +1.44 1.000 -0.0170 +0.1526
1.840 move +0.0560 +0.2500 +0.0261 -0.0243 +1.03 0.999 -0.0200 +0.1776
1.860 move +0.0560 +0.2500 +0.0290 -0.0270 +0.70 0.997 +0.0647 +0.0274
1.880 move +0.0560 +0.2500 +0.0296 -0.0279 +0.33 0.994 +0.0223 -0.0408
1.900 move +0.0560 +0.2500 +0.0296 -0.0275 +0.15 0.989 +0.0227 -0.0344
1.920 move +0.0560 +0.2500 +0.0292 -0.0265 +0.06 0.985 +0.0224 -0.0314
1.940 move +0.0560 +0.2500 +0.0283 -0.0251 +0.17 0.982 +0.0215 -0.0319
1.960 move +0.0560 +0.2500 +0.0271 -0.0230 +0.39 0.980 +0.0199 -0.0196
1.980 move +0.0560 +0.2500 +0.0264 -0.0200 +0.64 0.979 +0.0176 +0.0146
2.000 move +0.0560 +0.2500 +0.0266 -0.0164 +0.86 0.979 +0.0144 +0.0754
2.020 move +0.0560 +0.2500 +0.0274 -0.0121 +1.27 0.981 +0.0107 +0.0874
2.040 move +0.0560 +0.2500 +0.0288 -0.0070 +2.04 0.984 +0.0066 +0.1187
2.060 move +0.0560 +0.2500 +0.0312 -0.0012 +3.04 0.988 +0.0024 +0.1573
2.080 move +0.0560 +0.2500 +0.0343 +0.0050 +3.95 0.992 +0.0650 +0.1525
2.100 move +0.0560 +0.2500 +0.0380 +0.0109 +4.60 0.996 +0.0654 +0.1784
2.120 move +0.0560 +0.2500 +0.0415 +0.0164 +5.14 0.998 +0.0645 +0.1306
2.140 move +0.0560 +0.2500 +0.0436 +0.0202 +5.33 0.999 +0.0638 +0.0568
2.160 move +0.0560 +0.2500 +0.0446 +0.0222 +5.32 0.998 +0.0155 +0.0038
2.180 move +0.0560 +0.2500 +0.0447 +0.0231 +5.44 0.995 +0.0169 -0.0470
2.200 move +0.0560 +0.2500 +0.0443 +0.0234 +5.39 0.990 +0.0177 -0.0541
2.220 move +0.0560 +0.2500 +0.0433 +0.0230 +5.14 0.986 +0.0176 -0.0614
2.240 move +0.0560 +0.2500 +0.0423 +0.0218 +4.87 0.983 +0.0168 -0.0344
2.260 move +0.0560 +0.2500 +0.0417 +0.0195 +4.68 0.982 +0.0149 -0.0017
2.280 move +0.0560 +0.2500 +0.0415 +0.0164 +4.42 0.983 +0.0122 +0.0044
2.300 move +0.0560 +0.2500 +0.0418 +0.0127 +4.03 0.985 +0.0089 +0.0375
2.320 move +0.0560 +0.2500 +0.0430 +0.0083 +3.68 0.988 +0.0641 +0.0687
2.340 move +0.0560 +0.2500 +0.0448 +0.0036 +3.23 0.992 +0.0605 +0.0629
2.360 move +0.0560 +0.2500 +0.0467 -0.0013 +1.94 0.995 +0.0559 +0.0728
2.380 move +0.0560 +0.2500 +0.0488 -0.0059 +0.62 0.998 -0.0031 +0.0962
2.400 move +0.0560 +0.2500 +0.0512 -0.0098 -0.07 1.000 +0.0641 +0.0710
2.420 move +0.0560 +0.2500 +0.0515 -0.0126 -0.22 1.000 +0.0674 -0.0662
2.440 move +0.0560 +0.2500 +0.0506 -0.0137 -0.19 0.998 +0.0095 -0.0992
2.460 move +0.0560 +0.2500 +0.0493 -0.0140 -0.15 0.995 +0.0104 -0.0737
2.480 move +0.0560 +0.2500 +0.0477 -0.0138 -0.09 0.992 +0.0109 -0.0708
2.500 move +0.0560 +0.2500 +0.0456 -0.0130 +0.18 0.990 +0.0105 -0.0813
2.520 move +0.0560 +0.2500 +0.0435 -0.0112 +0.49 0.989 +0.0093 -0.0488
2.540 move +0.0560 +0.2500 +0.0423 -0.0083 +0.79 0.988 +0.0069 +0.0151
2.560 move +0.0560 +0.2500 +0.0419 -0.0045 +1.22 0.988 +0.0036 +0.0385
2.580 move +0.0560 +0.2500 +0.0423 -0.0001 +1.89 0.989 +0.0000 +0.0847
2.600 move +0.0560 +0.2500 +0.0438 +0.0045 +2.41 0.990 +0.0724 +0.1121
2.620 move +0.0560 +0.2500 +0.0459 +0.0089 +2.70 0.992 +0.0702 +0.1127
2.640 move +0.0560 +0.2500 +0.0485 +0.0132 +3.09 0.993 -0.0107 +0.1524
2.660 move +0.0560 +0.2500 +0.0520 +0.0172 +3.75 0.995 +0.0728 +0.1708
2.680 move +0.0560 +0.2500 +0.0561 +0.0206 +4.08 0.996 +0.0705 +0.1682
2.700 move +0.0560 +0.2500 +0.0590 +0.0227 +4.44 0.996 +0.0682 +0.0978
2.720 move +0.0560 +0.2500 +0.0610 +0.0230 +4.39 0.994 +0.0675 +0.0602
2.740 move +0.0560 +0.2500 +0.0625 +0.0220 +4.55 0.991 +0.0181 +0.0419
2.760 move +0.0560 +0.2500 +0.0638 +0.0199 +4.68 0.989 +0.0168 +0.0277
2.780 move +0.0560 +0.2500 +0.0648 +0.0171 +4.49 0.987 +0.0146 +0.0370
2.800 move +0.0560 +0.2500 +0.0660 +0.0133 +4.22 0.986 +0.0117 +0.0525
2.820 move +0.0560 +0.2500 +0.0675 +0.0089 +4.00 0.987 +0.0080 +0.0808
2.840 move +0.0560 +0.2500 +0.0692 +0.0036 +3.67 0.989 +0.0035 +0.0745
2.860 move +0.0560 +0.2500 +0.0712 -0.0024 +3.19 0.992 -0.0016 +0.1018
2.880 move +0.0560 +0.2500 +0.0745 -0.0084 +2.97 0.996 +0.0591 +0.1458
2.900 move +0.0560 +0.2500 +0.0783 -0.0138 +2.99 0.999 +0.0553 +0.1570
2.920 move +0.0560 +0.2500 +0.0824 -0.0192 +2.94 1.000 -0.0157 +0.1803
2.940 move +0.0560 +0.2500 +0.0872 -0.0244 +2.74 0.999 -0.0203 +0.2245
2.960 move +0.0560 +0.2500 +0.0901 -0.0284 +2.53 0.996 +0.0629 +0.0050
2.980 move +0.0560 +0.2500 +0.0906 -0.0304 +2.26 0.991 +0.0253 -0.0598
3.000 move +0.0560 +0.2500 +0.0905 -0.0314 +2.08 0.984 +0.0267 -0.0479
3.020 move +0.0560 +0.2500 +0.0900 -0.0319 +2.26 0.978 +0.0273 -0.0367
3.040 move +0.0560 +0.2500 +0.0892 -0.0319 +2.53 0.973 +0.0274 -0.0345
3.060 move +0.0560 +0.2500 +0.0878 -0.0316 +2.83 0.970 +0.0270 -0.0473
3.080 move +0.0560 +0.2500 +0.0865 -0.0306 +3.10 0.967 +0.0260 -0.0086
3.100 move +0.0560 +0.2500 +0.0860 -0.0289 +3.25 0.967 +0.0244 +0.0524
3.120 move +0.0560 +0.2500 +0.0862 -0.0266 +3.48 0.969 +0.0222 +0.0668
3.140 move +0.0560 +0.2500 +0.0869 -0.0236 +3.96 0.972 +0.0197 +0.1006
3.160 move +0.0560 +0.2500 +0.0887 -0.0201 +4.45 0.975 +0.0170 +0.1407
3.180 move +0.0560 +0.2500 +0.0915 -0.0161 +4.98 0.980 +0.0141 +0.1717
3.200 move +0.0560 +0.2500 +0.0949 -0.0113 +5.21 0.986 +0.0706 +0.1521
3.220 move +0.0560 +0.2500 +0.0984 -0.0063 +6.17 0.992 +0.0703 +0.1394
3.240 move +0.0560 +0.2500 +0.1015 -0.0022 +7.09 0.997 +0.0685 +0.1052
3.260 move +0.0560 +0.2500 +0.1039 +0.0007 +7.42 0.999 +0.0672 +0.0882
3.280 move +0.0560 +0.2500 +0.1058 +0.0023 +7.49 1.000 -0.0015 +0.0614
3.300 move +0.0560 +0.2500 +0.1072 +0.0035 +7.47 0.999 -0.0000 +0.0485
3.320 move +0.0560 +0.2500 +0.1081 +0.0044 +7.43 0.997 +0.0012 +0.0429
3.340 move +0.0560 +0.2500 +0.1087 +0.0049 +7.33 0.995 +0.0019 +0.0441
3.360 move +0.0560 +0.2500 +0.1097 +0.0047 +7.16 0.993 +0.0019 +0.0692
3.380 move +0.0560 +0.2500 +0.1110 +0.0038 +6.92 0.992 +0.0011 +0.0771
3.400 move +0.0560 +0.2500 +0.1129 +0.0024 +6.67 0.993 -0.0003 +0.1131
3.420 move +0.0560 +0.2500 +0.1157 +0.0006 +6.58 0.994 +0.0595 +0.1418
3.440 move +0.0560 +0.2500 +0.1194 -0.0011 +6.55 0.996 +0.0562 +0.1539
3.460 move +0.0560 +0.2500 +0.1232 -0.0027 +6.27 0.998 -0.0047 +0.1774
3.480 move +0.0560 +0.2500 +0.1278 -0.0043 +5.90 0.999 -0.0064 +0.2193
3.500 move +0.0560 +0.2500 +0.1321 -0.0055 +5.64 0.999 +0.0601 +0.1128
3.520 move +0.0560 +0.2500 +0.1336 -0.0059 +5.39 0.997 +0.0072 -0.0318
3.540 move +0.0560 +0.2500 +0.1338 -0.0055 +5.34 0.995 +0.0073 -0.0476
3.560 move +0.0560 +0.2500 +0.1336 -0.0047 +5.36 0.992 +0.0072 -0.0215
3.580 move +0.0560 +0.2500 +0.1331 -0.0036 +5.44 0.991 +0.0068 -0.0151
3.600 move +0.0560 +0.2500 +0.1321 -0.0022 +5.57 0.990 +0.0059 -0.0216
3.620 move +0.0560 +0.2500 +0.1305 -0.0004 +5.70 0.990 +0.0046 -0.0440
3.640 move +0.0560 +0.2500 +0.1288 +0.0022 +5.85 0.991 +0.0024 +0.0093
3.660 move +0.0560 +0.2500 +0.1279 +0.0057 +6.20 0.993 -0.0007 +0.0352
3.680 move +0.0560 +0.2500 +0.1279 +0.0097 +6.68 0.995 -0.0041 +0.0839
3.700 move +0.0560 +0.2500 +0.1290 +0.0140 +7.07 0.996 +0.0632 +0.1234
3.720 move +0.0560 +0.2500 +0.1309 +0.0181 +7.26 0.997 +0.0613 +0.1218
3.740 move +0.0560 +0.2500 +0.1333 +0.0221 +7.50 0.998 -0.0141 +0.1575
3.760 move +0.0560 +0.2500 +0.1365 +0.0258 +7.97 0.998 +0.0617 +0.1422
3.780 move +0.0560 +0.2500 +0.1383 +0.0284 +8.21 0.999 +0.0621 +0.0373
3.800 move +0.0560 +0.2500 +0.1390 +0.0289 +8.32 0.997 +0.0190 -0.0130
3.820 move +0.0560 +0.2500 +0.1389 +0.0283 +8.57 0.995 +0.0191 -0.0605
3.840 move +0.0560 +0.2500 +0.1384 +0.0269 +8.67 0.991 +0.0186 -0.0714
3.860 move +0.0560 +0.2500 +0.1374 +0.0250 +8.57 0.988 +0.0175 -0.0756
3.880 move +0.0560 +0.2500 +0.1360 +0.0223 +8.33 0.985 +0.0155 -0.0675
3.900 move +0.0560 +0.2500 +0.1351 +0.0185 +8.12 0.985 +0.0126 -0.0416
3.920 move +0.0560 +0.2500 +0.1347 +0.0139 +7.94 0.986 +0.0087 -0.0017
3.940 move +0.0560 +0.2500 +0.1348 +0.0084 +7.62 0.989 +0.0041 -0.0014
3.960 move +0.0560 +0.2500 +0.1355 +0.0023 +7.07 0.992 -0.0011 +0.0273
3.980 move +0.0560 +0.2500 +0.1375 -0.0038 +6.71 0.995 +0.0624 +0.0794
4.000 move +0.0560 +0.2500 +0.1404 -0.0093 +6.32 0.998 +0.0594 +0.1066
4.020 move +0.0560 +0.2500 +0.1437 -0.0146 +5.84 1.000 -0.0144 +0.1423
4.040 move +0.0560 +0.2500 +0.1480 -0.0194 +5.51 0.999 -0.0191 +0.1967
4.060 move +0.0560 +0.2500 +0.1508 -0.0234 +5.42 0.997 +0.0639 -0.0005
4.080 move +0.0560 +0.2500 +0.1512 -0.0255 +5.22 0.993 +0.0242 -0.0698
4.100 move +0.0560 +0.2500 +0.1508 -0.0265 +5.11 0.987 +0.0257 -0.0551
4.120 move +0.0560 +0.2500 +0.1502 -0.0270 +5.10 0.981 +0.0265 -0.0467
4.140 move +0.0560 +0.2500 +0.1490 -0.0270 +5.31 0.976 +0.0267 -0.0474
4.160 move +0.0560 +0.2500 +0.1475 -0.0266 +5.58 0.972 +0.0263 -0.0366
4.180 move +0.0560 +0.2500 +0.1464 -0.0254 +5.83 0.970 +0.0252 +0.0012
4.200 move +0.0560 +0.2500 +0.1461 -0.0235 +5.98 0.969 +0.0234 +0.0636
4.220 move +0.0560 +0.2500 +0.1464 -0.0209 +6.29 0.970 +0.0211 +0.0775
4.240 move +0.0560 +0.2500 +0.1473 -0.0177 +6.96 0.972 +0.0185 +0.1104
4.260 move +0.0560 +0.2500 +0.1492 -0.0138 +7.81 0.975 +0.0160 +0.1505
4.280 move +0.0560 +0.2500 +0.1520 -0.0092 +8.62 0.980 +0.0131 +0.1789
4.300 move +0.0560 +0.2500 +0.1554 -0.0040 +9.31 0.986 +0.0715 +0.1578
4.320 move +0.0560 +0.2500 +0.1587 +0.0014 +10.65 0.992 +0.0706 +0.1493
4.340 move +0.0560 +0.2500 +0.1618 +0.0058 +11.77 0.997 +0.0684 +0.1213
4.360 move +0.0560 +0.2500 +0.1643 +0.0089 +12.16 0.999 +0.0669 +0.1012
4.380 move +0.0560 +0.2500 +0.1664 +0.0107 +12.28 1.000 -0.0012 +0.0698
4.400 move +0.0560 +0.2500 +0.1678 +0.0119 +12.29 0.999 +0.0002 +0.0562
4.420 move +0.0560 +0.2500 +0.1688 +0.0129 +12.24 0.997 +0.0014 +0.0493
4.440 move +0.0560 +0.2500 +0.1696 +0.0133 +12.13 0.995 +0.0020 +0.0483
4.460 move +0.0560 +0.2500 +0.1707 +0.0130 +11.99 0.993 +0.0019 +0.0691
4.480 move +0.0560 +0.2500 +0.1720 +0.0121 +11.77 0.993 +0.0009 +0.0737
4.500 move +0.0560 +0.2500 +0.1740 +0.0106 +11.52 0.993 -0.0007 +0.1072
4.520 move +0.0560 +0.2500 +0.1768 +0.0089 +11.44 0.995 +0.0586 +0.1363
4.540 move +0.0560 +0.2500 +0.1804 +0.0074 +11.46 0.997 +0.0555 +0.1473
4.560 move +0.0560 +0.2500 +0.1842 +0.0060 +11.42 0.998 -0.0058 +0.1682
4.580 move +0.0560 +0.2500 +0.1886 +0.0047 +11.13 0.999 -0.0077 +0.2091
4.600 move +0.0560 +0.2500 +0.1928 +0.0037 +10.87 0.999 +0.0603 +0.1036
4.620 move +0.0560 +0.2500 +0.1941 +0.0033 +10.65 0.997 +0.0088 -0.0431
4.640 move +0.0560 +0.2500 +0.1940 +0.0037 +10.60 0.995 +0.0089 -0.0595
4.660 move +0.0560 +0.2500 +0.1935 +0.0044 +10.63 0.992 +0.0088 -0.0325
4.680 move +0.0560 +0.2500 +0.1927 +0.0055 +10.73 0.990 +0.0083 -0.0254
4.700 move +0.0560 +0.2500 +0.1913 +0.0069 +10.88 0.989 +0.0074 -0.0320
4.720 move +0.0560 +0.2500 +0.1892 +0.0086 +11.04 0.989 +0.0060 -0.0542
4.740 move +0.0560 +0.2500 +0.1873 +0.0112 +11.24 0.990 +0.0036 +0.0085
4.760 move +0.0560 +0.2500 +0.1860 +0.0148 +11.61 0.992 +0.0003 +0.0363
4.780 move +0.0560 +0.2500 +0.1856 +0.0191 +12.11 0.994 -0.0033 +0.0856
4.800 move +0.0560 +0.2500 +0.1863 +0.0237 +12.48 0.995 +0.0645 +0.1248
4.820 move +0.0560 +0.2500 +0.1878 +0.0283 +12.72 0.996 +0.0623 +0.1239
4.840 move +0.0560 +0.2500 +0.1899 +0.0328 +12.96 0.997 -0.0138 +0.1631
4.860 move +0.0560 +0.2500 +0.1929 +0.0371 +13.54 0.998 +0.0635 +0.1657
4.880 move +0.0560 +0.2500 +0.1947 +0.0404 +13.82 0.998 +0.0645 +0.0541
4.900 move +0.0560 +0.2500 +0.1956 +0.0413 +13.86 0.997 +0.0195 +0.0020
4.920 move +0.0560 +0.2500 +0.1959 +0.0410 +14.11 0.994 +0.0198 -0.0464
4.940 move +0.0560 +0.2500 +0.1957 +0.0398 +14.27 0.991 +0.0195 -0.0545
4.960 move +0.0560 +0.2500 +0.1950 +0.0379 +14.27 0.987 +0.0185 -0.0646
4.980 move +0.0560 +0.2500 +0.1942 +0.0352 +14.08 0.985 +0.0166 -0.0517
5.000 move +0.0560 +0.2500 +0.1939 +0.0316 +13.91 0.984 +0.0138 -0.0314
5.020 move +0.0560 +0.2500 +0.1941 +0.0272 +13.74 0.985 +0.0102 +0.0058
5.040 move +0.0560 +0.2500 +0.1949 +0.0221 +13.42 0.987 +0.0058 +0.0043
5.060 move +0.0560 +0.2500 +0.1962 +0.0164 +12.87 0.990 +0.0009 +0.0302
5.080 move +0.0560 +0.2500 +0.1986 +0.0105 +12.46 0.994 +0.0638 +0.0727
5.100 move +0.0560 +0.2500 +0.2021 +0.0053 +12.05 0.997 +0.0607 +0.1047
5.120 move +0.0560 +0.2500 +0.2057 +0.0004 +11.44 0.999 -0.0121 +0.1207
5.140 move +0.0560 +0.2500 +0.2102 -0.0040 +11.05 1.000 -0.0168 +0.1846
5.160 move +0.0560 +0.2500 +0.2132 -0.0076 +10.94 0.998 +0.0664 -0.0021
5.180 move +0.0560 +0.2500 +0.2137 -0.0096 +10.83 0.995 +0.0217 -0.0680
5.200 move +0.0560 +0.2500 +0.2134 -0.0106 +10.77 0.990 +0.0230 -0.0603
5.220 move +0.0560 +0.2500 +0.2128 -0.0110 +10.81 0.984 +0.0238 -0.0451
5.240 move +0.0560 +0.2500 +0.2116 -0.0111 +10.94 0.980 +0.0240 -0.0488
5.260 move +0.0560 +0.2500 +0.2101 -0.0106 +11.22 0.976 +0.0235 -0.0312
5.280 move +0.0560 +0.2500 +0.2089 -0.0091 +11.47 0.974 +0.0222 +0.0069
5.300 move +0.0560 +0.2500 +0.2085 -0.0068 +11.67 0.973 +0.0200 +0.0718
5.320 move +0.0560 +0.2500 +0.2087 -0.0038 +12.06 0.975 +0.0174 +0.0859
5.340 move +0.0560 +0.2500 +0.2095 +0.0001 +12.85 0.977 +0.0146 +0.1191
5.360 move +0.0560 +0.2500 +0.2111 +0.0047 +13.88 0.980 +0.0118 +0.1596
5.380 move +0.0560 +0.2500 +0.2135 +0.0101 +14.73 0.985 +0.0669 +0.1875
5.400 move +0.0560 +0.2500 +0.2161 +0.0163 +15.70 0.990 +0.0687 +0.1506
5.420 move +0.0560 +0.2500 +0.2189 +0.0222 +16.79 0.996 +0.0674 +0.1582
5.440 move +0.0560 +0.2500 +0.2211 +0.0266 +17.57 0.999 +0.0661 +0.1017
5.460 move +0.0560 +0.2500 +0.2227 +0.0296 +17.72 1.000 +0.0653 +0.0576
5.480 move +0.0560 +0.2500 +0.2237 +0.0311 +17.61 0.999 +0.0045 +0.0195
5.500 move +0.0560 +0.2500 +0.2242 +0.0319 +17.55 0.997 +0.0056 +0.0091
5.520 move +0.0560 +0.2500 +0.2241 +0.0321 +17.42 0.994 +0.0062 -0.0110
5.540 move +0.0560 +0.2500 +0.2238 +0.0314 +17.25 0.992 +0.0060 -0.0082
5.560 move +0.0560 +0.2500 +0.2240 +0.0296 +17.08 0.991 +0.0046 +0.0139
5.580 move +0.0560 +0.2500 +0.2246 +0.0270 +16.84 0.991 +0.0023 +0.0170
5.600 move +0.0560 +0.2500 +0.2258 +0.0239 +16.52 0.993 -0.0005 +0.0544
5.620 move +0.0560 +0.2500 +0.2283 +0.0209 +16.36 0.995 +0.0606 +0.0981
5.640 move +0.0560 +0.2500 +0.2317 +0.0184 +16.15 0.997 +0.0578 +0.1177
5.660 move +0.0560 +0.2500 +0.2356 +0.0161 +15.67 0.999 -0.0080 +0.1736
5.680 move +0.0560 +0.2500 +0.2404 +0.0140 +15.09 1.000 -0.0105 +0.2075
5.700 move +0.0560 +0.2500 +0.2450 +0.0122 +14.88 1.000 +0.0625 +0.1158
5.720 move +0.0560 +0.2500 +0.2467 +0.0112 +14.64 0.998 +0.0131 -0.0351
5.740 move +0.0560 +0.2500 +0.2468 +0.0111 +14.69 0.994 +0.0136 -0.0522
5.760 move +0.0560 +0.2500 +0.2466 +0.0115 +14.80 0.991 +0.0138 -0.0232
5.780 move +0.0560 +0.2500 +0.2460 +0.0123 +14.99 0.988 +0.0134 -0.0184
5.800 move +0.0560 +0.2500 +0.2448 +0.0135 +15.25 0.986 +0.0124 -0.0235
5.820 move +0.0560 +0.2500 +0.2428 +0.0153 +15.56 0.986 +0.0106 -0.0336
5.840 move +0.0560 +0.2500 +0.2412 +0.0182 +15.85 0.987 +0.0078 +0.0313
5.860 move +0.0560 +0.2500 +0.2400 +0.0224 +16.19 0.989 +0.0040 +0.0563
5.880 move +0.0560 +0.2500 +0.2395 +0.0274 +16.63 0.992 -0.0002 +0.1062
5.900 move +0.0560 +0.2500 +0.2401 +0.0329 +17.02 0.994 -0.0046 +0.1528
5.920 move +0.0560 +0.2500 +0.2415 +0.0384 +17.17 0.996 +0.0613 +0.1417
5.940 move +0.0560 +0.2500 +0.2434 +0.0436 +17.42 0.998 -0.0123 +0.1638
5.960 move +0.0560 +0.2500 +0.2463 +0.0488 +17.86 0.999 +0.0618 +0.1746
5.980 move +0.0560 +0.2500 +0.2480 +0.0526 +18.11 0.999 +0.0625 +0.0563
6.000 move +0.0560 +0.2500 +0.2487 +0.0539 +18.25 0.997 +0.0196 -0.0159
6.020 move +0.0560 +0.2500 +0.2489 +0.0539 +18.40 0.994 +0.0201 -0.0461
6.040 move +0.0560 +0.2500 +0.2487 +0.0532 +18.34 0.989 +0.0200 -0.0505
6.060 move +0.0560 +0.2500 +0.2482 +0.0517 +18.08 0.986 +0.0191 -0.0568
6.080 move +0.0560 +0.2500 +0.2474 +0.0495 +17.77 0.983 +0.0176 -0.0588
6.100 move +0.0560 +0.2500 +0.2469 +0.0464 +17.59 0.982 +0.0152 -0.0403
6.120 move +0.0560 +0.2500 +0.2470 +0.0425 +17.46 0.983 +0.0119 -0.0044
6.140 move +0.0560 +0.2500 +0.2476 +0.0379 +17.21 0.986 +0.0080 -0.0086
6.160 move +0.0560 +0.2500 +0.2488 +0.0327 +16.73 0.989 +0.0035 +0.0166
6.180 move +0.0560 +0.2500 +0.2509 +0.0271 +16.34 0.992 +0.0638 +0.0427
6.200 move +0.0560 +0.2500 +0.2540 +0.0220 +15.97 0.996 +0.0608 +0.0774
6.220 move +0.0560 +0.2500 +0.2575 +0.0173 +15.32 0.999 +0.0578 +0.0915
6.240 move +0.0560 +0.2500 +0.2610 +0.0131 +14.78 1.000 -0.0137 +0.1252
6.260 move +0.0560 +0.2500 +0.2637 +0.0096 +14.72 0.999 +0.0658 -0.0112
6.280 move +0.0560 +0.2500 +0.2640 +0.0074 +14.76 0.997 +0.0674 -0.0707
6.300 move +0.0560 +0.2500 +0.2632 +0.0064 +14.76 0.993 +0.0197 -0.0986
6.320 move +0.0560 +0.2500 +0.2620 +0.0060 +14.74 0.988 +0.0204 -0.0737
6.340 move +0.0560 +0.2500 +0.2604 +0.0059 +14.91 0.983 +0.0205 -0.0711
6.360 move +0.0560 +0.2500 +0.2583 +0.0062 +15.22 0.980 +0.0201 -0.0581
6.380 move +0.0560 +0.2500 +0.2565 +0.0077 +15.55 0.978 +0.0187 -0.0132
6.400 move +0.0560 +0.2500 +0.2555 +0.0101 +15.81 0.978 +0.0163 +0.0543
6.420 move +0.0560 +0.2500 +0.2551 +0.0135 +16.30 0.979 +0.0134 +0.0708
6.440 move +0.0560 +0.2500 +0.2551 +0.0179 +17.27 0.981 +0.0102 +0.1043
6.460 move +0.0560 +0.2500 +0.2559 +0.0232 +18.50 0.984 +0.0071 +0.1449
6.480 move +0.0560 +0.2500 +0.2572 +0.0292 +19.52 0.988 +0.0667 +0.1401
6.500 move +0.0560 +0.2500 +0.2587 +0.0356 +20.80 0.993 +0.0677 +0.1472
6.520 move +0.0560 +0.2500 +0.2608 +0.0415 +21.87 0.997 +0.0668 +0.1454
6.540 move +0.0560 +0.2500 +0.2622 +0.0459 +22.54 0.999 +0.0662 +0.0882
6.560 move +0.0560 +0.2500 +0.2631 +0.0485 +22.48 1.000 +0.0656 +0.0394
6.580 move +0.0560 +0.2500 +0.2636 +0.0496 +22.41 0.998 +0.0089 -0.0159
6.600 move +0.0560 +0.2500 +0.2637 +0.0497 +22.33 0.995 +0.0095 -0.0214
6.620 move +0.0560 +0.2500 +0.2635 +0.0491 +22.14 0.992 +0.0095 -0.0371
6.640 move +0.0560 +0.2500 +0.2630 +0.0476 +21.88 0.990 +0.0085 -0.0318
6.660 move +0.0560 +0.2500 +0.2632 +0.0450 +21.68 0.989 +0.0065 -0.0066
6.680 move +0.0560 +0.2500 +0.2639 +0.0416 +21.39 0.990 +0.0034 -0.0071
6.700 move +0.0560 +0.2500 +0.2652 +0.0375 +20.97 0.992 -0.0003 +0.0314
6.720 move +0.0560 +0.2500 +0.2679 +0.0337 +20.74 0.995 +0.0617 +0.0836
6.740 move +0.0560 +0.2500 +0.2715 +0.0306 +20.41 0.997 -0.0071 +0.1075
6.760 move +0.0560 +0.2500 +0.2757 +0.0279 +19.80 0.999 -0.0096 +0.1690
6.780 move +0.0560 +0.2500 +0.2809 +0.0254 +19.13 1.000 +0.0578 +0.2082
6.800 move +0.0560 +0.2500 +0.2857 +0.0231 +18.87 1.000 +0.0643 +0.1087
6.820 move +0.0560 +0.2500 +0.2874 +0.0215 +18.53 0.998 +0.0165 -0.0398
6.840 move +0.0560 +0.2500 +0.2873 +0.0209 +18.61 0.994 +0.0174 -0.0684
6.860 move +0.0560 +0.2500 +0.2868 +0.0208 +18.77 0.990 +0.0177 -0.0476
6.880 move +0.0560 +0.2500 +0.2859 +0.0212 +19.04 0.986 +0.0175 -0.0371
6.900 move +0.0560 +0.2500 +0.2843 +0.0220 +19.43 0.984 +0.0166 -0.0437
6.920 move +0.0560 +0.2500 +0.2823 +0.0233 +19.84 0.983 +0.0150 -0.0281
6.940 move +0.0560 +0.2500 +0.2806 +0.0259 +20.15 0.983 +0.0125 +0.0356
6.960 move +0.0560 +0.2500 +0.2793 +0.0296 +20.51 0.985 +0.0089 +0.0537
6.980 move +0.0560 +0.2500 +0.2783 +0.0344 +21.16 0.988 +0.0050 +0.0892
7.000 move +0.0560 +0.2500 +0.2781 +0.0402 +21.96 0.990 +0.0007 +0.1383
7.020 move +0.0560 +0.2500 +0.2788 +0.0463 +22.52 0.993 +0.0627 +0.1463
7.040 move +0.0560 +0.2500 +0.2800 +0.0523 +22.86 0.996 +0.0611 +0.1527
7.060 move +0.0560 +0.2500 +0.2819 +0.0580 +23.10 0.998 +0.0615 +0.1737
7.080 move +0.0560 +0.2500 +0.2829 +0.0625 +23.69 0.999 +0.0616 +0.0692
7.100 move +0.0560 +0.2500 +0.2833 +0.0645 +23.51 0.998 +0.0164 +0.0076
7.120 move +0.0560 +0.2500 +0.2833 +0.0649 +23.50 0.996 +0.0173 -0.0525
7.140 move +0.0560 +0.2500 +0.2827 +0.0643 +23.49 0.992 +0.0174 -0.0776
7.160 move +0.0560 +0.2500 +0.2819 +0.0630 +23.32 0.988 +0.0169 -0.0832
7.180 move +0.0560 +0.2500 +0.2807 +0.0609 +22.99 0.985 +0.0157 -0.0905
7.200 move +0.0560 +0.2500 +0.2799 +0.0578 +22.72 0.984 +0.0136 -0.0635
7.220 move +0.0560 +0.2500 +0.2799 +0.0540 +22.52 0.985 +0.0105 -0.0276
7.240 move +0.0560 +0.2500 +0.2803 +0.0495 +22.20 0.986 +0.0067 -0.0309
7.260 move +0.0560 +0.2500 +0.2815 +0.0445 +21.67 0.989 +0.0024 -0.0040
7.280 move +0.0560 +0.2500 +0.2837 +0.0392 +21.25 0.993 +0.0651 +0.0299
7.300 move +0.0560 +0.2500 +0.2869 +0.0347 +20.84 0.996 +0.0626 +0.0673
7.320 move +0.0560 +0.2500 +0.2903 +0.0305 +20.18 0.998 -0.0094 +0.0747
7.340 move +0.0560 +0.2500 +0.2941 +0.0268 +19.29 0.999 -0.0132 +0.1361
7.360 move +0.0560 +0.2500 +0.2977 +0.0238 +18.47 0.999 +0.0708 +0.0261
7.380 move +0.0560 +0.2500 +0.2988 +0.0217 +18.17 0.997 +0.0687 -0.0396
7.400 move +0.0560 +0.2500 +0.2989 +0.0211 +18.23 0.994 +0.0182 -0.0445
7.420 move +0.0560 +0.2500 +0.2985 +0.0212 +18.13 0.990 +0.0187 -0.0247
7.440 move +0.0560 +0.2500 +0.2975 +0.0216 +18.15 0.986 +0.0186 -0.0317
7.460 move +0.0560 +0.2500 +0.2963 +0.0228 +18.31 0.983 +0.0177 -0.0005
7.480 move +0.0560 +0.2500 +0.2953 +0.0251 +18.54 0.981 +0.0157 +0.0348
7.500 move +0.0560 +0.2500 +0.2950 +0.0283 +18.83 0.981 +0.0130 +0.0964
7.520 move +0.0560 +0.2500 +0.2952 +0.0324 +19.39 0.982 +0.0096 +0.1098
7.540 move +0.0560 +0.2500 +0.2957 +0.0376 +20.45 0.985 +0.0061 +0.1431
7.560 move +0.0560 +0.2500 +0.2969 +0.0437 +21.75 0.988 +0.0026 +0.1840
7.580 move +0.0560 +0.2500 +0.2986 +0.0503 +22.68 0.992 +0.0627 +0.1818
7.600 move +0.0560 +0.2500 +0.3010 +0.0568 +23.41 0.996 +0.0626 +0.2052
7.620 move +0.0560 +0.2500 +0.3033 +0.0628 +23.91 0.999 +0.0613 +0.1481
7.640 move +0.0560 +0.2500 +0.3045 +0.0667 +24.11 1.000 +0.0602 +0.0636
7.660 move +0.0560 +0.2500 +0.3052 +0.0685 +24.07 0.999 +0.0131 +0.0045
7.680 move +0.0560 +0.2500 +0.3054 +0.0692 +24.11 0.995 +0.0142 -0.0301
7.700 move +0.0560 +0.2500 +0.3054 +0.0691 +24.05 0.991 +0.0147 -0.0364
7.720 move +0.0560 +0.2500 +0.3051 +0.0683 +23.78 0.987 +0.0143 -0.0431
7.740 move +0.0560 +0.2500 +0.3045 +0.0666 +23.46 0.985 +0.0131 -0.0558
7.760 move +0.0560 +0.2500 +0.3043 +0.0639 +23.21 0.985 +0.0110 -0.0257
7.780 move +0.0560 +0.2500 +0.3046 +0.0603 +22.95 0.986 +0.0079 -0.0243
7.800 move +0.0560 +0.2500 +0.3055 +0.0560 +22.61 0.989 +0.0041 +0.0044
7.820 move +0.0560 +0.2500 +0.3073 +0.0514 +22.33 0.992 +0.0608 +0.0313
7.840 move +0.0560 +0.2500 +0.3101 +0.0470 +22.08 0.996 +0.0583 +0.0530
7.860 move +0.0560 +0.2500 +0.3132 +0.0430 +21.54 0.998 +0.0559 +0.0642
7.880 move +0.0560 +0.2500 +0.3164 +0.0391 +20.80 1.000 -0.0109 +0.0897
7.900 move +0.0560 +0.2500 +0.3197 +0.0358 +20.42 1.000 +0.0647 +0.0354
7.920 move +0.0560 +0.2500 +0.3201 +0.0330 +20.38 0.999 +0.0682 -0.1011
7.940 move +0.0560 +0.2500 +0.3189 +0.0316 +20.54 0.995 +0.0175 -0.1305
7.960 move +0.0560 +0.2500 +0.3173 +0.0308 +20.64 0.991 +0.0182 -0.0970
7.980 move +0.0560 +0.2500 +0.3152 +0.0304 +20.88 0.988 +0.0183 -0.0962
8.000 move +0.0560 +0.2500 +0.3125 +0.0303 +21.23 0.985 +0.0178 -0.0909
8.020 move +0.0560 +0.2500 +0.3099 +0.0315 +21.57 0.983 +0.0164 -0.0454
8.040 move +0.0560 +0.2500 +0.3078 +0.0338 +21.88 0.982 +0.0139 +0.0237
8.060 move +0.0560 +0.2500 +0.3063 +0.0373 +22.43 0.982 +0.0107 +0.0402
8.080 move +0.0560 +0.2500 +0.3050 +0.0418 +23.60 0.983 +0.0073 +0.0736
8.100 move +0.0560 +0.2500 +0.3043 +0.0473 +25.15 0.985 +0.0039 +0.1160
8.120 move +0.0560 +0.2500 +0.3041 +0.0536 +26.52 0.988 +0.0687 +0.1152
8.140 move +0.0560 +0.2500 +0.3045 +0.0598 +27.48 0.992 +0.0677 +0.1349
8.160 move +0.0560 +0.2500 +0.3055 +0.0656 +28.14 0.996 -0.0078 +0.1622
8.180 move +0.0560 +0.2500 +0.3070 +0.0709 +28.98 0.998 +0.0700 +0.1316
8.200 move +0.0560 +0.2500 +0.3079 +0.0743 +29.11 0.998 +0.0694 +0.0703
8.220 move +0.0560 +0.2500 +0.3087 +0.0757 +28.94 0.997 +0.0690 +0.0315
8.240 move +0.0560 +0.2500 +0.3095 +0.0757 +29.11 0.994 +0.0140 -0.0131
8.260 move +0.0560 +0.2500 +0.3099 +0.0747 +29.36 0.991 +0.0138 -0.0325
8.280 move +0.0560 +0.2500 +0.3102 +0.0729 +29.45 0.988 +0.0128 -0.0279
8.300 move +0.0560 +0.2500 +0.3111 +0.0701 +29.30 0.987 +0.0106 -0.0091
8.320 move +0.0560 +0.2500 +0.3127 +0.0668 +29.09 0.987 +0.0075 +0.0197
8.340 move +0.0560 +0.2500 +0.3148 +0.0627 +28.73 0.989 +0.0036 +0.0127
8.360 move +0.0560 +0.2500 +0.3175 +0.0581 +28.17 0.991 +0.0663 +0.0424
8.380 move +0.0560 +0.2500 +0.3217 +0.0541 +27.80 0.995 +0.0635 +0.1012
8.400 move +0.0560 +0.2500 +0.3264 +0.0507 +27.30 0.998 +0.0604 +0.1184
8.420 move +0.0560 +0.2500 +0.3316 +0.0477 +26.68 0.999 -0.0122 +0.1684
8.440 move +0.0560 +0.2500 +0.3376 +0.0453 +25.96 1.000 -0.0159 +0.2088
8.460 move +0.0560 +0.2500 +0.3420 +0.0431 +25.67 0.999 +0.0680 +0.0287
8.480 move +0.0560 +0.2500 +0.3436 +0.0417 +25.76 0.995 +0.0198 -0.0369
8.500 move +0.0560 +0.2500 +0.3442 +0.0412 +26.01 0.991 +0.0207 -0.0273
8.520 move +0.0560 +0.2500 +0.3443 +0.0411 +26.38 0.986 +0.0210 -0.0150
8.540 move +0.0560 +0.2500 +0.3437 +0.0413 +26.85 0.982 +0.0207 -0.0174
8.560 move +0.0560 +0.2500 +0.3425 +0.0418 +27.35 0.979 +0.0198 -0.0123
8.580 move +0.0560 +0.2500 +0.3412 +0.0435 +27.72 0.978 +0.0182 +0.0291
8.600 move +0.0560 +0.2500 +0.3404 +0.0462 +27.96 0.979 +0.0157 +0.0940
8.620 move +0.0560 +0.2500 +0.3400 +0.0500 +28.30 0.981 +0.0125 +0.1108
8.640 move +0.0560 +0.2500 +0.3398 +0.0547 +28.95 0.984 +0.0090 +0.1453
8.660 move +0.0560 +0.2500 +0.3403 +0.0605 +29.79 0.988 +0.0055 +0.1868
8.680 move +0.0560 +0.2500 +0.3412 +0.0671 +30.35 0.992 +0.0602 +0.1934
8.700 move +0.0560 +0.2500 +0.3428 +0.0740 +30.80 0.997 +0.0608 +0.2105
8.720 move +0.0560 +0.2500 +0.3442 +0.0802 +31.04 0.999 +0.0595 +0.1336
8.740 move +0.0560 +0.2500 +0.3447 +0.0842 +31.16 1.000 +0.0587 +0.0445
8.760 move +0.0560 +0.2500 +0.3448 +0.0860 +31.22 0.998 +0.0113 -0.0298
8.780 move +0.0560 +0.2500 +0.3447 +0.0868 +31.11 0.995 +0.0125 -0.0367
8.800 move +0.0560 +0.2500 +0.3445 +0.0868 +30.84 0.991 +0.0129 -0.0334
8.820 move +0.0560 +0.2500 +0.3441 +0.0860 +30.44 0.987 +0.0125 -0.0424
8.840 move +0.0560 +0.2500 +0.3434 +0.0843 +30.04 0.986 +0.0113 -0.0621
8.860 move +0.0560 +0.2500 +0.3432 +0.0816 +29.76 0.986 +0.0092 -0.0360
8.880 move +0.0560 +0.2500 +0.3436 +0.0780 +29.50 0.987 +0.0062 -0.0365
8.900 move +0.0560 +0.2500 +0.3447 +0.0738 +29.17 0.990 +0.0025 -0.0101
8.920 move +0.0560 +0.2500 +0.3466 +0.0692 +28.90 0.993 +0.0600 +0.0156
8.940 move +0.0560 +0.2500 +0.3497 +0.0652 +28.69 0.996 +0.0580 +0.0467
8.960 move +0.0560 +0.2500 +0.3529 +0.0616 +28.20 0.999 +0.0559 +0.0554
8.980 move +0.0560 +0.2500 +0.3562 +0.0581 +27.43 1.000 -0.0123 +0.0762
9.000 move +0.0560 +0.2500 +0.3597 +0.0552 +26.93 1.000 +0.0656 +0.0423
9.020 move +0.0560 +0.2500 +0.3605 +0.0525 +26.71 0.998 +0.0687 -0.0972
9.040 move +0.0560 +0.2500 +0.3596 +0.0510 +26.90 0.995 +0.0183 -0.1217
9.060 move +0.0560 +0.2500 +0.3580 +0.0501 +26.95 0.991 +0.0189 -0.0991
9.080 move +0.0560 +0.2500 +0.3559 +0.0496 +27.13 0.987 +0.0190 -0.0950
9.100 move +0.0560 +0.2500 +0.3533 +0.0494 +27.46 0.984 +0.0184 -0.0793
9.120 move +0.0560 +0.2500 +0.3507 +0.0504 +27.78 0.982 +0.0169 -0.0354
9.140 move +0.0560 +0.2500 +0.3486 +0.0527 +28.08 0.981 +0.0144 +0.0331
9.160 move +0.0560 +0.2500 +0.3469 +0.0561 +28.65 0.981 +0.0112 +0.0493
9.180 move +0.0560 +0.2500 +0.3453 +0.0606 +29.97 0.982 +0.0079 +0.0836
9.200 move +0.0560 +0.2500 +0.3442 +0.0662 +31.64 0.985 +0.0045 +0.1267
9.220 move +0.0560 +0.2500 +0.3435 +0.0726 +33.13 0.988 +0.0681 +0.1194
9.240 move +0.0560 +0.2500 +0.3432 +0.0790 +34.39 0.993 +0.0672 +0.1438
9.260 move +0.0560 +0.2500 +0.3437 +0.0853 +35.39 0.996 -0.0062 +0.1880
9.280 move +0.0560 +0.2500 +0.3447 +0.0909 +36.36 0.998 +0.0702 +0.1383
9.300 move +0.0560 +0.2500 +0.3454 +0.0946 +36.54 0.999 +0.0694 +0.0758
9.320 move +0.0560 +0.2500 +0.3462 +0.0962 +36.32 0.998 +0.0686 +0.0318
9.340 move +0.0560 +0.2500 +0.3470 +0.0965 +36.30 0.995 +0.0124 -0.0056
9.360 move +0.0560 +0.2500 +0.3477 +0.0957 +36.27 0.992 +0.0120 -0.0183
9.380 move +0.0560 +0.2500 +0.3483 +0.0940 +36.16 0.990 +0.0109 -0.0226
9.400 move +0.0560 +0.2500 +0.3495 +0.0914 +35.98 0.989 +0.0087 -0.0080
9.420 move +0.0560 +0.2500 +0.3514 +0.0882 +35.80 0.989 +0.0055 +0.0182
9.440 move +0.0560 +0.2500 +0.3539 +0.0843 +35.47 0.991 +0.0015 +0.0095
9.460 move +0.0560 +0.2500 +0.3571 +0.0801 +34.96 0.993 +0.0645 +0.0491
9.480 move +0.0560 +0.2500 +0.3616 +0.0767 +34.71 0.996 +0.0620 +0.1004
9.500 move +0.0560 +0.2500 +0.3666 +0.0740 +34.38 0.998 -0.0108 +0.1149
9.520 move +0.0560 +0.2500 +0.3720 +0.0718 +33.84 1.000 -0.0144 +0.1706
9.540 move +0.0560 +0.2500 +0.3782 +0.0703 +33.35 0.999 -0.0183 +0.2103
9.560 move +0.0560 +0.2500 +0.3830 +0.0689 +33.11 0.998 +0.0653 +0.0381
9.580 move +0.0560 +0.2500 +0.3847 +0.0680 +33.15 0.994 +0.0223 -0.0263
9.600 move +0.0560 +0.2500 +0.3853 +0.0677 +33.29 0.989 +0.0232 -0.0202
9.620 move +0.0560 +0.2500 +0.3852 +0.0678 +33.61 0.984 +0.0233 -0.0142
9.640 move +0.0560 +0.2500 +0.3845 +0.0681 +33.99 0.980 +0.0229 -0.0170
9.660 move +0.0560 +0.2500 +0.3834 +0.0688 +34.37 0.978 +0.0220 +0.0078
9.680 move +0.0560 +0.2500 +0.3822 +0.0706 +34.64 0.976 +0.0203 +0.0479
9.700 move +0.0560 +0.2500 +0.3814 +0.0735 +34.85 0.977 +0.0177 +0.1147
9.720 move +0.0560 +0.2500 +0.3810 +0.0775 +35.20 0.979 +0.0146 +0.1316
9.740 move +0.0560 +0.2500 +0.3807 +0.0824 +35.97 0.982 +0.0114 +0.1666
9.760 move +0.0560 +0.2500 +0.3810 +0.0884 +36.96 0.986 +0.0081 +0.2095
9.780 move +0.0560 +0.2500 +0.3816 +0.0954 +37.59 0.991 +0.0597 +0.2354
9.800 move +0.0560 +0.2500 +0.3827 +0.1030 +38.15 0.996 +0.0603 +0.2357
9.820 move +0.0560 +0.2500 +0.3837 +0.1098 +38.45 0.999 +0.0585 +0.1565
9.840 move +0.0560 +0.2500 +0.3840 +0.1143 +38.58 1.000 +0.0067 +0.0605
9.860 move +0.0560 +0.2500 +0.3841 +0.1168 +38.60 0.998 +0.0091 +0.0040
9.880 move +0.0560 +0.2500 +0.3841 +0.1182 +38.44 0.994 +0.0106 -0.0064
9.900 move +0.0560 +0.2500 +0.3841 +0.1187 +38.28 0.990 +0.0114 -0.0132
9.920 move +0.0560 +0.2500 +0.3841 +0.1183 +37.97 0.987 +0.0111 -0.0227
9.940 move +0.0560 +0.2500 +0.3840 +0.1169 +37.66 0.985 +0.0101 -0.0407
9.960 move +0.0560 +0.2500 +0.3839 +0.1145 +37.45 0.985 +0.0082 -0.0365
9.980 move +0.0560 +0.2500 +0.3845 +0.1113 +37.21 0.987 +0.0055 -0.0411
10.000 move +0.0560 +0.2500 +0.3857 +0.1074 +36.91 0.990 +0.0020 -0.0184
10.020 move +0.0560 +0.2500 +0.3879 +0.1032 +36.65 0.993 +0.0577 +0.0038
10.040 move +0.0560 +0.2500 +0.3909 +0.0994 +36.47 0.996 +0.0561 +0.0277
10.060 move +0.0560 +0.2500 +0.3941 +0.0962 +36.35 0.999 +0.0545 +0.0331
10.080 move +0.0560 +0.2500 +0.3973 +0.0929 +36.09 1.000 -0.0134 +0.0420
10.100 move +0.0560 +0.2500 +0.4005 +0.0901 +35.63 1.000 +0.0648 -0.0049
10.120 move +0.0560 +0.2500 +0.4009 +0.0872 +35.47 0.998 +0.0674 -0.1300
10.140 move +0.0560 +0.2500 +0.3995 +0.0852 +35.62 0.995 +0.0196 -0.1563
10.160 move +0.0560 +0.2500 +0.3975 +0.0837 +35.71 0.991 +0.0202 -0.1264
10.180 move +0.0560 +0.2500 +0.3950 +0.0824 +35.82 0.987 +0.0204 -0.1247
10.200 move +0.0560 +0.2500 +0.3920 +0.0816 +36.16 0.983 +0.0198 -0.0993
10.220 move +0.0560 +0.2500 +0.3889 +0.0820 +36.51 0.981 +0.0182 -0.0494
10.240 move +0.0560 +0.2500 +0.3862 +0.0838 +36.83 0.979 +0.0157 +0.0219
10.260 move +0.0560 +0.2500 +0.3838 +0.0868 +37.47 0.979 +0.0125 +0.0394
10.280 move +0.0560 +0.2500 +0.3814 +0.0909 +39.00 0.980 +0.0094 +0.0772
10.300 move +0.0560 +0.2500 +0.3793 +0.0963 +40.85 0.982 +0.0061 +0.1185
10.320 move +0.0560 +0.2500 +0.3774 +0.1025 +42.58 0.986 +0.0701 +0.1162
10.340 move +0.0560 +0.2500 +0.3756 +0.1089 +44.37 0.991 +0.0689 +0.1285
10.360 move +0.0560 +0.2500 +0.3746 +0.1152 +45.74 0.995 -0.0042 +0.1626
10.380 move +0.0560 +0.2500 +0.3746 +0.1211 +47.06 0.998 +0.0708 +0.1593
10.400 move +0.0560 +0.2500 +0.3746 +0.1255 +47.66 0.999 +0.0701 +0.1005
10.420 move +0.0560 +0.2500 +0.3749 +0.1278 +47.57 0.998 +0.0691 +0.0468
10.440 move +0.0560 +0.2500 +0.3757 +0.1285 +47.36 0.996 +0.0106 +0.0075
10.460 move +0.0560 +0.2500 +0.3766 +0.1281 +47.36 0.993 +0.0103 -0.0124
10.480 move +0.0560 +0.2500 +0.3775 +0.1267 +47.16 0.991 +0.0092 -0.0272
10.500 move +0.0560 +0.2500 +0.3792 +0.1245 +46.87 0.990 +0.0071 -0.0083
10.520 move +0.0560 +0.2500 +0.3816 +0.1218 +46.63 0.990 +0.0040 +0.0175
10.540 move +0.0560 +0.2500 +0.3847 +0.1185 +46.29 0.992 +0.0001 +0.0092
10.560 move +0.0560 +0.2500 +0.3886 +0.1152 +45.87 0.994 +0.0639 +0.0516
10.580 move +0.0560 +0.2500 +0.3935 +0.1131 +45.76 0.997 +0.0615 +0.1044
10.600 move +0.0560 +0.2500 +0.3987 +0.1118 +45.59 0.999 -0.0117 +0.1267
10.620 move +0.0560 +0.2500 +0.4045 +0.1110 +45.22 1.000 -0.0152 +0.1823
10.640 move +0.0560 +0.2500 +0.4109 +0.1112 +44.98 0.999 -0.0191 +0.2306
10.660 move +0.0560 +0.2500 +0.4156 +0.1109 +44.69 0.997 +0.0649 +0.0250
10.680 move +0.0560 +0.2500 +0.4175 +0.1104 +44.67 0.993 +0.0227 -0.0323
10.700 move +0.0560 +0.2500 +0.4182 +0.1102 +44.82 0.988 +0.0237 -0.0220
10.720 move +0.0560 +0.2500 +0.4184 +0.1102 +45.32 0.983 +0.0239 -0.0100
10.740 move +0.0560 +0.2500 +0.4180 +0.1102 +45.89 0.979 +0.0237 -0.0092
10.760 move +0.0560 +0.2500 +0.4169 +0.1104 +46.47 0.976 +0.0228 -0.0020
10.780 move +0.0560 +0.2500 +0.4155 +0.1116 +46.86 0.975 +0.0213 +0.0438
10.800 move +0.0560 +0.2500 +0.4143 +0.1141 +47.06 0.976 +0.0190 +0.1134
10.820 move +0.0560 +0.2500 +0.4131 +0.1177 +47.32 0.978 +0.0159 +0.1351
10.840 move +0.0560 +0.2500 +0.4120 +0.1224 +47.95 0.982 +0.0127 +0.1706
10.860 move +0.0560 +0.2500 +0.4112 +0.1281 +48.76 0.986 +0.0095 +0.2146
10.880 move +0.0560 +0.2500 +0.4106 +0.1350 +49.16 0.991 +0.0054 +0.2430
10.900 move +0.0560 +0.2500 +0.4105 +0.1426 +49.49 0.996 +0.0588 +0.2458
10.920 move +0.0560 +0.2500 +0.4102 +0.1492 +49.67 0.999 +0.0576 +0.1430
10.940 move +0.0560 +0.2500 +0.4097 +0.1533 +49.73 0.999 +0.0055 +0.0422
10.960 move +0.0560 +0.2500 +0.4092 +0.1556 +49.67 0.997 +0.0077 +0.0010
10.980 move +0.0560 +0.2500 +0.4091 +0.1568 +49.47 0.994 +0.0091 -0.0055
11.000 move +0.0560 +0.2500 +0.4091 +0.1572 +49.26 0.990 +0.0096 -0.0138
11.020 move +0.0560 +0.2500 +0.4092 +0.1565 +48.97 0.988 +0.0091 -0.0260
11.040 move +0.0560 +0.2500 +0.4094 +0.1548 +48.68 0.986 +0.0079 -0.0447
11.060 move +0.0560 +0.2500 +0.4098 +0.1522 +48.48 0.987 +0.0058 -0.0515
11.080 move +0.0560 +0.2500 +0.4109 +0.1487 +48.23 0.989 +0.0029 -0.0536
11.100 move +0.0560 +0.2500 +0.4128 +0.1446 +47.90 0.992 -0.0008 -0.0360
11.120 move +0.0560 +0.2500 +0.4157 +0.1404 +47.61 0.995 +0.0576 -0.0067
11.140 move +0.0560 +0.2500 +0.4193 +0.1373 +47.62 0.998 +0.0566 +0.0217
11.160 move +0.0560 +0.2500 +0.4230 +0.1346 +47.67 1.000 +0.0555 +0.0269
11.180 move +0.0560 +0.2500 +0.4268 +0.1320 +47.54 1.000 -0.0172 +0.0559
11.200 move +0.0560 +0.2500 +0.4308 +0.1300 +47.19 0.999 +0.0659 +0.0153
11.220 move +0.0560 +0.2500 +0.4320 +0.1275 +46.96 0.996 +0.0634 -0.1136
11.240 move +0.0560 +0.2500 +0.4314 +0.1256 +47.05 0.993 +0.0236 -0.1368
11.260 move +0.0560 +0.2500 +0.4299 +0.1239 +46.98 0.988 +0.0243 -0.1136
11.280 move +0.0560 +0.2500 +0.4279 +0.1224 +47.04 0.983 +0.0246 -0.1047
11.300 move +0.0560 +0.2500 +0.4256 +0.1217 +47.28 0.979 +0.0240 -0.0581
11.320 move +0.0560 +0.2500 +0.4233 +0.1220 +47.55 0.976 +0.0225 -0.0103
11.340 move +0.0560 +0.2500 +0.4212 +0.1237 +47.84 0.974 +0.0202 +0.0590
11.360 move +0.0560 +0.2500 +0.4192 +0.1265 +48.55 0.974 +0.0175 +0.0764
11.380 move +0.0560 +0.2500 +0.4170 +0.1305 +50.14 0.976 +0.0149 +0.1151
11.400 move +0.0560 +0.2500 +0.4150 +0.1356 +51.95 0.978 +0.0122 +0.1591
11.420 move +0.0560 +0.2500 +0.4131 +0.1418 +53.50 0.983 +0.0089 +0.1903
11.440 move +0.0560 +0.2500 +0.4112 +0.1489 +55.16 0.988 +0.0699 +0.1820
11.460 move +0.0560 +0.2500 +0.4095 +0.1559 +56.61 0.994 +0.0690 +0.1966
11.480 move +0.0560 +0.2500 +0.4088 +0.1624 +57.82 0.998 +0.0666 +0.1814
11.500 move +0.0560 +0.2500 +0.4085 +0.1670 +58.38 1.000 +0.0648 +0.1135
11.520 move +0.0560 +0.2500 +0.4087 +0.1696 +58.39 1.000 +0.0636 +0.0525
11.540 move +0.0560 +0.2500 +0.4093 +0.1708 +58.28 0.998 +0.0044 +0.0234
11.560 move +0.0560 +0.2500 +0.4101 +0.1711 +58.20 0.996 +0.0045 +0.0113
11.580 move +0.0560 +0.2500 +0.4110 +0.1705 +58.07 0.993 +0.0040 -0.0090
11.600 move +0.0560 +0.2500 +0.4121 +0.1690 +57.90 0.992 +0.0027 -0.0209
11.620 move +0.0560 +0.2500 +0.4140 +0.1669 +57.70 0.993 +0.0003 +0.0016
11.640 move +0.0560 +0.2500 +0.4166 +0.1644 +57.43 0.994 -0.0028 -0.0043
11.660 move +0.0560 +0.2500 +0.4198 +0.1621 +57.07 0.996 -0.0063 +0.0340
11.680 move +0.0560 +0.2500 +0.4236 +0.1608 +57.00 0.998 +0.0594 +0.0693
11.700 move +0.0560 +0.2500 +0.4275 +0.1604 +57.14 0.999 +0.0575 +0.0834
11.720 move +0.0560 +0.2500 +0.4316 +0.1603 +57.06 1.000 -0.0155 +0.1178
11.740 move +0.0560 +0.2500 +0.4362 +0.1611 +56.67 0.999 -0.0184 +0.1578
11.760 move +0.0560 +0.2500 +0.4398 +0.1616 +56.26 0.998 +0.0661 +0.0102
11.780 move +0.0560 +0.2500 +0.4408 +0.1613 +56.21 0.995 +0.0209 -0.0525
11.800 move +0.0560 +0.2500 +0.4405 +0.1612 +56.34 0.991 +0.0213 -0.0460
11.820 move +0.0560 +0.2500 +0.4396 +0.1611 +56.61 0.987 +0.0210 -0.0395
11.840 move +0.0560 +0.2500 +0.4381 +0.1609 +56.99 0.984 +0.0203 -0.0406
11.860 move +0.0560 +0.2500 +0.4358 +0.1610 +57.41 0.982 +0.0189 -0.0108
11.880 move +0.0560 +0.2500 +0.4332 +0.1624 +57.72 0.981 +0.0165 +0.0349
11.900 move +0.0560 +0.2500 +0.4305 +0.1650 +58.01 0.982 +0.0132 +0.1047
11.920 move +0.0560 +0.2500 +0.4276 +0.1689 +58.50 0.984 +0.0094 +0.1236
11.940 move +0.0560 +0.2500 +0.4245 +0.1739 +59.53 0.987 +0.0055 +0.1674
11.960 move +0.0560 +0.2500 +0.4216 +0.1801 +60.38 0.991 +0.0011 +0.2213
11.980 move +0.0560 +0.2500 +0.4193 +0.1872 +60.74 0.995 +0.0590 +0.2340
12.000 stand +0.0000 +0.0000 +0.4170 +0.1933 +60.25 0.998 +0.0585 +0.1344
12.020 stand +0.0000 +0.0000 +0.4148 +0.1973 +59.40 0.999 +0.0583 +0.0688
12.040 stand +0.0000 +0.0000 +0.4132 +0.1999 +58.74 1.000 +0.0578 +0.0438
12.060 stand +0.0000 +0.0000 +0.4122 +0.2021 +58.37 1.000 +0.0572 +0.0507
12.080 stand +0.0000 +0.0000 +0.4117 +0.2041 +58.15 1.000 +0.0563 +0.0548
12.100 stand +0.0000 +0.0000 +0.4115 +0.2058 +58.05 1.000 +0.0554 +0.0478
12.120 stand +0.0000 +0.0000 +0.4114 +0.2071 +58.00 0.999 +0.0547 +0.0358
12.140 stand +0.0000 +0.0000 +0.4114 +0.2080 +57.96 0.999 +0.0542 +0.0204
12.160 stand +0.0000 +0.0000 +0.4113 +0.2085 +57.94 0.999 +0.0540 +0.0038
12.180 stand +0.0000 +0.0000 +0.4112 +0.2085 +57.92 0.998 +0.0542 -0.0122
12.200 stand +0.0000 +0.0000 +0.4110 +0.2081 +57.90 0.998 +0.0546 -0.0262
12.220 stand +0.0000 +0.0000 +0.4108 +0.2074 +57.89 0.998 +0.0553 -0.0368
12.240 stand +0.0000 +0.0000 +0.4106 +0.2065 +57.88 0.998 +0.0560 -0.0441
12.260 stand +0.0000 +0.0000 +0.4104 +0.2054 +57.87 0.999 +0.0569 -0.0475
12.280 stand +0.0000 +0.0000 +0.4102 +0.2042 +57.86 0.999 +0.0578 -0.0478
12.300 stand +0.0000 +0.0000 +0.4101 +0.2031 +57.85 0.999 +0.0587 -0.0456
12.320 stand +0.0000 +0.0000 +0.4101 +0.2020 +57.83 0.999 +0.0595 -0.0419
12.340 stand +0.0000 +0.0000 +0.4101 +0.2010 +57.81 0.999 +0.0602 -0.0375
12.360 stand +0.0000 +0.0000 +0.4101 +0.2001 +57.78 0.999 +0.0608 -0.0331
12.380 stand +0.0000 +0.0000 +0.4103 +0.1992 +57.76 0.999 +0.0613 -0.0290
12.400 stand +0.0000 +0.0000 +0.4104 +0.1985 +57.72 0.999 +0.0617 -0.0259
12.420 stand +0.0000 +0.0000 +0.4106 +0.1978 +57.68 0.999 +0.0620 -0.0235
12.440 stand +0.0000 +0.0000 +0.4108 +0.1972 +57.65 0.999 +0.0624 -0.0216
12.460 stand +0.0000 +0.0000 +0.4109 +0.1966 +57.62 0.999 +0.0627 -0.0201
12.480 stand +0.0000 +0.0000 +0.4111 +0.1960 +57.58 0.999 +0.0629 -0.0191
12.500 stand +0.0000 +0.0000 +0.4112 +0.1955 +57.55 0.999 +0.0632 -0.0185
12.520 stand +0.0000 +0.0000 +0.4114 +0.1950 +57.52 0.999 +0.0634 -0.0181
12.540 stand +0.0000 +0.0000 +0.4115 +0.1945 +57.50 0.999 +0.0636 -0.0179
12.560 stand +0.0000 +0.0000 +0.4116 +0.1940 +57.47 0.999 +0.0638 -0.0178
12.580 stand +0.0000 +0.0000 +0.4116 +0.1936 +57.45 0.999 +0.0640 -0.0179
12.600 stand +0.0000 +0.0000 +0.4117 +0.1931 +57.43 0.999 +0.0643 -0.0180
12.620 stand +0.0000 +0.0000 +0.4117 +0.1927 +57.40 0.999 +0.0645 -0.0181
12.640 stand +0.0000 +0.0000 +0.4117 +0.1922 +57.37 0.999 +0.0647 -0.0182
12.660 stand +0.0000 +0.0000 +0.4118 +0.1918 +57.35 0.999 +0.0649 -0.0184
12.680 stand +0.0000 +0.0000 +0.4118 +0.1913 +57.32 0.998 +0.0651 -0.0187
12.700 stand +0.0000 +0.0000 +0.4118 +0.1909 +57.30 0.998 +0.0653 -0.0151
12.720 stand +0.0000 +0.0000 +0.4118 +0.1905 +57.29 0.998 +0.0654 -0.0113
12.740 stand +0.0000 +0.0000 +0.4118 +0.1903 +57.28 0.998 +0.0655 -0.0080
12.760 stand +0.0000 +0.0000 +0.4118 +0.1901 +57.27 0.998 +0.0656 -0.0052
12.780 stand +0.0000 +0.0000 +0.4118 +0.1900 +57.26 0.998 +0.0656 -0.0032
12.800 stand +0.0000 +0.0000 +0.4118 +0.1899 +57.26 0.998 +0.0656 -0.0015
12.820 stand +0.0000 +0.0000 +0.4118 +0.1899 +57.26 0.998 +0.0655 -0.0004
12.840 stand +0.0000 +0.0000 +0.4118 +0.1899 +57.24 0.999 +0.0654 +0.0001
12.860 stand +0.0000 +0.0000 +0.4118 +0.1899 +57.24 0.999 +0.0654 +0.0004
12.880 stand +0.0000 +0.0000 +0.4118 +0.1899 +57.23 0.999 +0.0653 +0.0004
12.900 stand +0.0000 +0.0000 +0.4119 +0.1898 +57.23 0.999 +0.0652 +0.0002
12.920 stand +0.0000 +0.0000 +0.4119 +0.1898 +57.22 0.999 +0.0652 -0.0001
12.940 stand +0.0000 +0.0000 +0.4119 +0.1898 +57.22 0.999 +0.0651 -0.0005
12.960 stand +0.0000 +0.0000 +0.4119 +0.1898 +57.21 0.999 +0.0651 -0.0009
12.980 stand +0.0000 +0.0000 +0.4119 +0.1897 +57.20 0.999 +0.0651 -0.0012
13.000 stand +0.0000 +0.0000 +0.4119 +0.1897 +57.20 0.999 +0.0651 -0.0015
13.020 stand +0.0000 +0.0000 +0.4119 +0.1896 +57.19 0.999 +0.0650 -0.0018
13.040 stand +0.0000 +0.0000 +0.4119 +0.1896 +57.18 0.999 +0.0650 -0.0020
13.060 stand +0.0000 +0.0000 +0.4119 +0.1895 +57.18 0.999 +0.0650 -0.0021
13.080 stand +0.0000 +0.0000 +0.4119 +0.1894 +57.17 0.999 +0.0650 -0.0021
13.100 stand +0.0000 +0.0000 +0.4119 +0.1893 +57.17 0.999 +0.0650 -0.0021
13.120 stand +0.0000 +0.0000 +0.4119 +0.1893 +57.16 0.999 +0.0650 -0.0017
13.140 stand +0.0000 +0.0000 +0.4119 +0.1892 +57.15 0.999 +0.0650 -0.0012
13.160 stand +0.0000 +0.0000 +0.4119 +0.1892 +57.15 0.999 +0.0650 -0.0008
13.180 stand +0.0000 +0.0000 +0.4119 +0.1892 +57.15 0.999 +0.0649 -0.0003
13.200 stand +0.0000 +0.0000 +0.4119 +0.1891 +57.14 0.999 +0.0649 -0.0003
13.220 stand +0.0000 +0.0000 +0.4119 +0.1891 +57.14 0.999 +0.0648 -0.0002
13.240 stand +0.0000 +0.0000 +0.4119 +0.1891 +57.13 0.999 +0.0648 -0.0001
13.260 stand +0.0000 +0.0000 +0.4119 +0.1891 +57.13 0.999 +0.0648 +0.0000
13.280 stand +0.0000 +0.0000 +0.4119 +0.1892 +57.12 0.999 +0.0647 +0.0002
13.300 stand +0.0000 +0.0000 +0.4119 +0.1892 +57.12 0.999 +0.0647 +0.0004
13.320 stand +0.0000 +0.0000 +0.4118 +0.1892 +57.11 0.999 +0.0646 +0.0005
13.340 stand +0.0000 +0.0000 +0.4118 +0.1892 +57.11 0.999 +0.0646 +0.0007
13.360 stand +0.0000 +0.0000 +0.4118 +0.1893 +57.11 0.999 +0.0645 +0.0008
13.380 stand +0.0000 +0.0000 +0.4117 +0.1893 +57.10 0.999 +0.0644 +0.0008
13.400 stand +0.0000 +0.0000 +0.4117 +0.1894 +57.10 0.999 +0.0644 +0.0008
13.420 stand +0.0000 +0.0000 +0.4116 +0.1894 +57.10 0.999 +0.0643 +0.0008
13.440 stand +0.0000 +0.0000 +0.4116 +0.1895 +57.09 0.999 +0.0643 +0.0008
13.460 stand +0.0000 +0.0000 +0.4116 +0.1895 +57.09 0.999 +0.0642 +0.0007
13.480 stand +0.0000 +0.0000 +0.4115 +0.1895 +57.09 0.999 +0.0642 +0.0007
13.500 stand +0.0000 +0.0000 +0.4115 +0.1896 +57.08 0.999 +0.0641 +0.0006
13.520 stand +0.0000 +0.0000 +0.4115 +0.1896 +57.08 0.999 +0.0641 +0.0005
13.540 stand +0.0000 +0.0000 +0.4115 +0.1896 +57.08 0.999 +0.0641 +0.0004
13.560 stand +0.0000 +0.0000 +0.4115 +0.1896 +57.07 0.999 +0.0640 +0.0004
13.580 stand +0.0000 +0.0000 +0.4115 +0.1896 +57.07 0.999 +0.0640 +0.0003
13.600 stand +0.0000 +0.0000 +0.4114 +0.1897 +57.07 0.999 +0.0639 +0.0003
13.620 stand +0.0000 +0.0000 +0.4114 +0.1897 +57.06 0.999 +0.0639 +0.0003
13.640 stand +0.0000 +0.0000 +0.4114 +0.1897 +57.06 0.999 +0.0639 +0.0003
13.660 stand +0.0000 +0.0000 +0.4114 +0.1897 +57.06 0.999 +0.0639 +0.0003
13.680 stand +0.0000 +0.0000 +0.4114 +0.1897 +57.06 0.999 +0.0638 +0.0003
13.700 stand +0.0000 +0.0000 +0.4114 +0.1897 +57.06 0.999 +0.0638 +0.0003
13.720 stand +0.0000 +0.0000 +0.4114 +0.1897 +57.05 0.999 +0.0638 +0.0003
13.740 stand +0.0000 +0.0000 +0.4114 +0.1897 +57.05 0.999 +0.0637 +0.0003
13.760 stand +0.0000 +0.0000 +0.4114 +0.1898 +57.05 0.999 +0.0637 +0.0003
13.780 stand +0.0000 +0.0000 +0.4114 +0.1898 +57.05 0.999 +0.0637 +0.0003
13.800 stand +0.0000 +0.0000 +0.4114 +0.1898 +57.04 0.999 +0.0636 +0.0003
13.820 stand +0.0000 +0.0000 +0.4113 +0.1898 +57.04 0.998 +0.0636 +0.0003
13.840 stand +0.0000 +0.0000 +0.4113 +0.1898 +57.04 0.998 +0.0636 +0.0003
13.860 stand +0.0000 +0.0000 +0.4113 +0.1898 +57.04 0.998 +0.0636 +0.0003
13.880 stand +0.0000 +0.0000 +0.4113 +0.1898 +57.04 0.998 +0.0635 +0.0002
13.900 stand +0.0000 +0.0000 +0.4113 +0.1899 +57.03 0.998 +0.0635 +0.0002
13.920 stand +0.0000 +0.0000 +0.4113 +0.1899 +57.03 0.998 +0.0635 +0.0002
13.940 stand +0.0000 +0.0000 +0.4113 +0.1899 +57.03 0.998 +0.0635 +0.0002
13.960 stand +0.0000 +0.0000 +0.4113 +0.1899 +57.03 0.998 +0.0635 +0.0002
13.980 stand +0.0000 +0.0000 +0.4113 +0.1899 +57.03 0.998 +0.0634 +0.0002
14.000 stand +0.0000 +0.0000 +0.4112 +0.1899 +57.03 0.998 +0.0634 +0.0002
14.020 stand +0.0000 +0.0000 +0.4112 +0.1899 +57.02 0.998 +0.0634 +0.0002
14.040 stand +0.0000 +0.0000 +0.4112 +0.1899 +57.02 0.998 +0.0634 +0.0002
14.060 stand +0.0000 +0.0000 +0.4112 +0.1899 +57.02 0.998 +0.0634 +0.0001
14.080 stand +0.0000 +0.0000 +0.4112 +0.1899 +57.02 0.998 +0.0633 +0.0001
14.100 stand +0.0000 +0.0000 +0.4112 +0.1899 +57.02 0.998 +0.0633 +0.0001
14.120 stand +0.0000 +0.0000 +0.4112 +0.1900 +57.02 0.998 +0.0633 +0.0001
14.140 stand +0.0000 +0.0000 +0.4112 +0.1900 +57.01 0.998 +0.0633 +0.0001
14.160 stand +0.0000 +0.0000 +0.4112 +0.1900 +57.01 0.998 +0.0633 +0.0001
14.180 stand +0.0000 +0.0000 +0.4112 +0.1900 +57.01 0.998 +0.0633 +0.0001
14.200 stand +0.0000 +0.0000 +0.4112 +0.1900 +57.01 0.998 +0.0632 +0.0001
14.220 stand +0.0000 +0.0000 +0.4112 +0.1900 +57.01 0.998 +0.0632 +0.0001
14.240 stand +0.0000 +0.0000 +0.4112 +0.1900 +57.01 0.998 +0.0632 +0.0001
14.260 stand +0.0000 +0.0000 +0.4112 +0.1900 +57.01 0.998 +0.0632 +0.0001
14.280 stand +0.0000 +0.0000 +0.4112 +0.1900 +57.01 0.998 +0.0632 +0.0001
14.300 stand +0.0000 +0.0000 +0.4112 +0.1900 +57.00 0.998 +0.0632 +0.0001
14.320 stand +0.0000 +0.0000 +0.4112 +0.1900 +57.00 0.998 +0.0632 +0.0001
14.340 stand +0.0000 +0.0000 +0.4112 +0.1900 +57.00 0.998 +0.0632 +0.0001
14.360 stand +0.0000 +0.0000 +0.4111 +0.1900 +57.00 0.998 +0.0631 +0.0001
14.380 stand +0.0000 +0.0000 +0.4111 +0.1900 +57.00 0.998 +0.0631 +0.0001
14.400 stand +0.0000 +0.0000 +0.4111 +0.1900 +57.00 0.998 +0.0631 +0.0001
14.420 stand +0.0000 +0.0000 +0.4111 +0.1900 +57.00 0.998 +0.0631 +0.0001
14.440 stand +0.0000 +0.0000 +0.4111 +0.1900 +57.00 0.998 +0.0631 +0.0001
14.460 stand +0.0000 +0.0000 +0.4111 +0.1900 +57.00 0.998 +0.0631 +0.0001
14.480 stand +0.0000 +0.0000 +0.4111 +0.1900 +57.00 0.998 +0.0631 +0.0001
